1 -10000 -10000 0
2 -10000 -10000 0
3 -10000 -10000 0
4 -10000 -10000 0
5 -10000 -10000 0
6 -10000 -10000 0
7 -10000 -10000 0
8 -10000 -10000 0
9 0.115225 -7999.98 4000.05
10 0.119252 -5999.95 4899.04
11 0.119252 -5999.95 4899.04
12 0.119252 -3999.94 4899.03
13 0.119252 0.0852918 0.0269396
14 0.119252 0.087422 0.024582
15 0.205079 0.115803 0.049495
16 0.205079 0.115803 0.049495
17 0.205079 0.115803 0.049495
18 0.205079 0.115803 0.049495
19 0.205079 0.115803 0.049495
20 0.206949 0.153943 0.0425946
21 0.206949 0.153943 0.0425946
22 0.206949 0.154177 0.0423836
23 0.206949 0.171142 0.0408126
24 0.206949 0.171142 0.0408126
25 0.206949 0.171142 0.0408126
26 0.206949 0.185411 0.031611
27 0.206949 0.200318 0.00580552
28 0.206949 0.200318 0.00580552
29 0.222108 0.20662 0.00837024
30 0.222108 0.20662 0.00837024
31 0.234859 0.214043 0.0125977
32 0.234859 0.22104 0.0116236
33 0.267443 0.233139 0.0194849
34 0.267443 0.233139 0.0194849
35 0.267443 0.235084 0.0173147
36 0.267443 0.235084 0.0173147
37 0.267443 0.235084 0.0173147
38 0.267443 0.235084 0.0173147
39 0.267443 0.235084 0.0173147
40 0.267443 0.235084 0.0173147
41 0.267443 0.235084 0.0173147
42 0.267443 0.235084 0.0173147
43 0.267443 0.240015 0.0152608
44 0.296546 0.254903 0.0242127
45 0.296546 0.254903 0.0242127
46 0.296546 0.254903 0.0242127
47 0.296546 0.254903 0.0242127
48 0.296546 0.258464 0.0218616
49 0.296546 0.258464 0.0218616
50 0.296546 0.258464 0.0218616
51 0.296546 0.258464 0.0218616
52 0.296546 0.258464 0.0218616
53 0.296546 0.258464 0.0218616
54 0.296546 0.260353 0.0200756
55 0.296546 0.260353 0.0200756
56 0.296546 0.264056 0.0181679
57 0.296546 0.264056 0.0181679
58 0.296546 0.273167 0.0148681
59 0.296892 0.281257 0.0145691
60 0.296892 0.281257 0.0145691
61 0.296892 0.281257 0.0145691
62 0.296892 0.281257 0.0145691
63 0.296892 0.281257 0.0145691
64 0.296892 0.281257 0.0145691
65 0.296892 0.281257 0.0145691
66 0.296892 0.281257 0.0145691
67 0.296892 0.285062 0.0109859
68 0.296892 0.285062 0.0109859
69 0.296892 0.286824 0.00842725
70 0.296892 0.286824 0.00842725
71 0.296892 0.289209 0.00658427
72 0.296892 0.289209 0.00658427
73 0.296892 0.289209 0.00658427
74 0.296892 0.289209 0.00658427
75 0.296892 0.289209 0.00658427
76 0.296892 0.289209 0.00658427
77 0.296892 0.289209 0.00658427
78 0.296892 0.289209 0.00658427
79 0.296892 0.289209 0.00658427
80 0.296892 0.289209 0.00658427
81 0.296892 0.289209 0.00658427
82 0.296892 0.289209 0.00658427
83 0.296892 0.289209 0.00658427
84 0.296892 0.289209 0.00658427
85 0.301484 0.293378 0.00643561
86 0.301484 0.29425 0.00526614
87 0.301751 0.296971 0.00491319
88 0.301751 0.296971 0.00491319
89 0.30185 0.299705 0.00244319
90 0.376708 0.315737 0.0305423
91 0.376708 0.315737 0.0305423
92 0.376708 0.315737 0.0305423
93 0.376708 0.319007 0.0291952
94 0.376708 0.319007 0.0291952
95 0.376708 0.319007 0.0291952
96 0.376708 0.319007 0.0291952
97 0.376708 0.319007 0.0291952
98 0.376708 0.319007 0.0291952
99 0.376708 0.319007 0.0291952
100 0.376708 0.319007 0.0291952
101 0.376708 0.319007 0.0291952
102 0.376708 0.320206 0.0285672
103 0.376708 0.320206 0.0285672
104 0.376708 0.320206 0.0285672
105 0.376708 0.320206 0.0285672
106 0.376708 0.323266 0.027214
107 0.376708 0.323266 0.027214
108 0.376708 0.323266 0.027214
109 0.376708 0.327405 0.0251366
110 0.376708 0.327405 0.0251366
111 0.376708 0.327405 0.0251366
112 0.376708 0.327405 0.0251366
113 0.376708 0.327405 0.0251366
114 0.376708 0.327405 0.0251366
115 0.376708 0.327405 0.0251366
116 0.376708 0.327685 0.0249197
117 0.376708 0.327685 0.0249197
118 0.376708 0.327685 0.0249197
119 0.376708 0.327685 0.0249197
120 0.376708 0.327685 0.0249197
121 0.376708 0.327685 0.0249197
122 0.376708 0.337442 0.0251966
123 0.376708 0.337442 0.0251966
124 0.376708 0.337442 0.0251966
125 0.376708 0.337442 0.0251966
126 0.376708 0.337442 0.0251966
127 0.376708 0.337442 0.0251966
128 0.376708 0.337442 0.0251966
129 0.376708 0.337442 0.0251966
130 0.376708 0.337442 0.0251966
131 0.376708 0.338033 0.0246508
132 0.376708 0.338033 0.0246508
133 0.376708 0.338033 0.0246508
134 0.376708 0.338033 0.0246508
135 0.376708 0.338033 0.0246508
136 0.376708 0.338033 0.0246508
137 0.376708 0.338033 0.0246508
138 0.376708 0.338033 0.0246508
139 0.376708 0.338033 0.0246508
140 0.376708 0.338033 0.0246508
141 0.376708 0.338033 0.0246508
142 0.376708 0.34691 0.0231343
143 0.376708 0.34691 0.0231343
144 0.376708 0.34691 0.0231343
145 0.376708 0.34691 0.0231343
146 0.376708 0.34691 0.0231343
147 0.376708 0.34691 0.0231343
148 0.376708 0.34691 0.0231343
149 0.376708 0.34691 0.0231343
150 0.376708 0.34691 0.0231343
151 0.376708 0.34691 0.0231343
152 0.376708 0.34691 0.0231343
153 0.376708 0.34691 0.0231343
154 0.376708 0.34691 0.0231343
155 0.376708 0.350394 0.0193824
156 0.376708 0.350394 0.0193824
157 0.376708 0.350394 0.0193824
158 0.376708 0.350394 0.0193824
159 0.376708 0.350394 0.0193824
160 0.376708 0.350394 0.0193824
161 0.376708 0.350394 0.0193824
162 0.376708 0.350394 0.0193824
163 0.376708 0.350394 0.0193824
164 0.376708 0.350394 0.0193824
165 0.376708 0.350394 0.0193824
166 0.376708 0.350394 0.0193824
167 0.43977 0.373839 0.0356159
168 0.43977 0.373839 0.0356159
169 0.43977 0.380026 0.0305686
170 0.43977 0.380026 0.0305686
171 0.43977 0.380026 0.0305686
172 0.43977 0.380026 0.0305686
173 0.43977 0.380026 0.0305686
174 0.43977 0.380026 0.0305686
175 0.43977 0.380026 0.0305686
176 0.43977 0.380026 0.0305686
177 0.43977 0.380026 0.0305686
178 0.43977 0.380026 0.0305686
179 0.43977 0.380026 0.0305686
180 0.43977 0.380026 0.0305686
181 0.43977 0.380026 0.0305686
182 0.43977 0.380026 0.0305686
183 0.43977 0.380026 0.0305686
184 0.43977 0.387948 0.0288306
185 0.43977 0.387948 0.0288306
186 0.43977 0.387948 0.0288306
187 0.43977 0.387948 0.0288306
188 0.43977 0.387948 0.0288306
189 0.43977 0.387948 0.0288306
190 0.43977 0.387948 0.0288306
191 0.43977 0.387948 0.0288306
192 0.43977 0.387948 0.0288306
193 0.43977 0.387948 0.0288306
194 0.43977 0.387948 0.0288306
195 0.608159 0.437463 0.0890409
196 0.608159 0.437463 0.0890409
197 0.608159 0.437463 0.0890409
198 0.608159 0.437463 0.0890409
199 0.608159 0.44482 0.0841695
200 0.608159 0.44482 0.0841695
201 0.608159 0.44482 0.0841695
202 0.608159 0.44482 0.0841695
203 0.608159 0.44482 0.0841695
204 0.608159 0.44482 0.0841695
205 0.608159 0.44482 0.0841695
206 0.608159 0.44482 0.0841695
207 0.608159 0.44482 0.0841695
208 0.608159 0.44482 0.0841695
209 0.608159 0.44482 0.0841695
210 0.608159 0.44482 0.0841695
211 0.608159 0.44482 0.0841695
212 0.608159 0.44482 0.0841695
213 0.608159 0.44482 0.0841695
214 0.608159 0.44482 0.0841695
215 0.608159 0.44482 0.0841695
216 0.608159 0.44482 0.0841695
217 0.608159 0.44482 0.0841695
218 0.608159 0.44482 0.0841695
219 0.608159 0.44482 0.0841695
220 0.608159 0.44482 0.0841695
221 0.608159 0.44482 0.0841695
222 0.608159 0.44482 0.0841695
223 0.608159 0.44482 0.0841695
224 0.608159 0.44482 0.0841695
225 0.608159 0.44482 0.0841695
226 0.608159 0.44482 0.0841695
227 0.608159 0.44482 0.0841695
228 0.608159 0.44482 0.0841695
229 0.608159 0.44482 0.0841695
230 0.608159 0.44482 0.0841695
231 0.608159 0.44482 0.0841695
232 0.608159 0.44482 0.0841695
233 0.608159 0.44482 0.0841695
234 0.608159 0.44482 0.0841695
235 0.608159 0.44482 0.0841695
236 0.608159 0.44482 0.0841695
237 0.608159 0.44482 0.0841695
238 0.608159 0.44482 0.0841695
239 0.608159 0.44482 0.0841695
240 0.608159 0.44482 0.0841695
241 0.608159 0.44482 0.0841695
242 0.608159 0.44482 0.0841695
243 0.608159 0.44482 0.0841695
244 0.608159 0.44482 0.0841695
245 0.608159 0.44482 0.0841695
246 0.608159 0.44482 0.0841695
247 0.608159 0.44482 0.0841695
248 0.608159 0.44482 0.0841695
249 0.608159 0.44482 0.0841695
250 0.608159 0.44482 0.0841695
251 0.608159 0.44482 0.0841695
252 0.608159 0.44482 0.0841695
253 0.608159 0.44482 0.0841695
254 0.608159 0.44482 0.0841695
255 0.608159 0.44482 0.0841695
256 0.608159 0.44482 0.0841695
257 0.608159 0.44482 0.0841695
258 0.608159 0.44482 0.0841695
259 0.608159 0.44482 0.0841695
260 0.608159 0.44482 0.0841695
261 0.608159 0.44482 0.0841695
262 0.608159 0.44482 0.0841695
263 0.608159 0.44482 0.0841695
264 0.608159 0.44482 0.0841695
265 0.608159 0.44482 0.0841695
266 0.608159 0.44482 0.0841695
267 0.608159 0.44482 0.0841695
268 0.608159 0.44482 0.0841695
269 0.608159 0.44482 0.0841695
270 0.608159 0.44482 0.0841695
271 0.608159 0.44482 0.0841695
272 0.608159 0.44482 0.0841695
273 0.608159 0.44482 0.0841695
274 0.608159 0.44482 0.0841695
275 0.608159 0.44482 0.0841695
276 0.608159 0.44482 0.0841695
277 0.608159 0.44482 0.0841695
278 0.608159 0.44482 0.0841695
279 0.608159 0.44482 0.0841695
280 0.608159 0.44482 0.0841695
281 0.608159 0.44482 0.0841695
282 0.608159 0.44482 0.0841695
283 0.608159 0.44482 0.0841695
284 0.608159 0.44482 0.0841695
285 0.608159 0.44482 0.0841695
286 0.608159 0.44482 0.0841695
287 0.608159 0.44482 0.0841695
288 0.608159 0.44482 0.0841695
289 0.608159 0.44482 0.0841695
290 0.608159 0.44482 0.0841695
291 0.608159 0.44482 0.0841695
292 0.608159 0.44482 0.0841695
293 0.608159 0.446313 0.0830062
294 0.608159 0.446313 0.0830062
295 0.608159 0.446313 0.0830062
296 0.608159 0.446313 0.0830062
297 0.608159 0.446313 0.0830062
298 0.608159 0.446313 0.0830062
299 0.608159 0.446313 0.0830062
300 0.608159 0.446313 0.0830062
301 0.608159 0.446313 0.0830062
302 0.608159 0.446313 0.0830062
303 0.608159 0.446313 0.0830062
304 0.608159 0.446313 0.0830062
305 0.608159 0.446313 0.0830062
306 0.608159 0.446313 0.0830062
307 0.608159 0.446313 0.0830062
308 0.608159 0.446313 0.0830062
309 0.608159 0.446313 0.0830062
310 0.608159 0.446313 0.0830062
311 0.608159 0.446313 0.0830062
312 0.608159 0.446313 0.0830062
313 0.608159 0.446313 0.0830062
314 0.608159 0.446313 0.0830062
315 0.608159 0.446313 0.0830062
316 0.608159 0.446313 0.0830062
317 0.608159 0.446313 0.0830062
318 0.608159 0.446313 0.0830062
319 0.608159 0.446313 0.0830062
320 0.608159 0.446313 0.0830062
321 0.608159 0.446313 0.0830062
322 0.608159 0.446313 0.0830062
323 0.608159 0.446313 0.0830062
324 0.608159 0.446313 0.0830062
325 0.608159 0.446313 0.0830062
326 0.608159 0.446313 0.0830062
327 0.608159 0.446313 0.0830062
328 0.608159 0.446313 0.0830062
329 0.608159 0.446313 0.0830062
330 0.608159 0.446313 0.0830062
331 0.608159 0.446313 0.0830062
332 0.608159 0.446313 0.0830062
333 0.608159 0.446313 0.0830062
334 0.608159 0.446313 0.0830062
335 0.608159 0.446313 0.0830062
336 0.608159 0.446313 0.0830062
337 0.608159 0.446313 0.0830062
338 0.608159 0.446313 0.0830062
339 0.608159 0.446313 0.0830062
340 0.608159 0.446313 0.0830062
341 0.608159 0.446313 0.0830062
342 0.608159 0.446313 0.0830062
343 0.608159 0.446313 0.0830062
344 0.608159 0.446313 0.0830062
345 0.608159 0.446313 0.0830062
346 0.608159 0.446313 0.0830062
347 0.608159 0.446313 0.0830062
348 0.608159 0.446313 0.0830062
349 0.608159 0.446313 0.0830062
350 0.608159 0.446313 0.0830062
351 0.608159 0.446313 0.0830062
352 0.608159 0.446313 0.0830062
353 0.608159 0.446313 0.0830062
354 0.608159 0.446313 0.0830062
355 0.608159 0.446313 0.0830062
356 0.608159 0.446313 0.0830062
357 0.608159 0.446313 0.0830062
358 0.608159 0.446313 0.0830062
359 0.608159 0.446313 0.0830062
360 0.608159 0.446313 0.0830062
361 0.608159 0.446313 0.0830062
362 0.608159 0.446313 0.0830062
363 0.608159 0.446313 0.0830062
364 0.608159 0.446313 0.0830062
365 0.608159 0.446313 0.0830062
366 0.608159 0.446313 0.0830062
367 0.608159 0.446313 0.0830062
368 0.608159 0.446313 0.0830062
369 0.608159 0.446313 0.0830062
370 0.608159 0.446313 0.0830062
371 0.608159 0.446313 0.0830062
372 0.608159 0.446313 0.0830062
373 0.608159 0.446313 0.0830062
374 0.608159 0.446313 0.0830062
375 0.608159 0.446313 0.0830062
376 0.608159 0.446313 0.0830062
377 0.608159 0.446313 0.0830062
378 0.608159 0.446313 0.0830062
379 0.608159 0.447139 0.0824017
380 0.608159 0.447139 0.0824017
381 0.608159 0.447139 0.0824017
382 0.608159 0.447139 0.0824017
383 0.608159 0.447139 0.0824017
384 0.608159 0.447139 0.0824017
385 0.608159 0.447139 0.0824017
386 0.608159 0.447139 0.0824017
387 0.608159 0.447139 0.0824017
388 0.608159 0.447139 0.0824017
389 0.608159 0.447139 0.0824017
390 0.608159 0.447139 0.0824017
391 0.608159 0.447139 0.0824017
392 0.608159 0.447139 0.0824017
393 0.608159 0.447139 0.0824017
394 0.608159 0.447139 0.0824017
395 0.608159 0.447139 0.0824017
396 0.608159 0.447139 0.0824017
397 0.608159 0.447139 0.0824017
398 0.608159 0.447139 0.0824017
399 0.608159 0.447139 0.0824017
400 0.608159 0.447139 0.0824017
401 0.608159 0.447139 0.0824017
402 0.608159 0.447139 0.0824017
403 0.608159 0.447139 0.0824017
404 0.608159 0.447139 0.0824017
405 0.608159 0.447139 0.0824017
406 0.608159 0.447139 0.0824017
407 0.608159 0.447139 0.0824017
408 0.608159 0.447139 0.0824017
409 0.608159 0.447139 0.0824017
410 0.608159 0.447139 0.0824017
411 0.608159 0.447139 0.0824017
412 0.608159 0.447139 0.0824017
413 0.608159 0.447139 0.0824017
414 0.608159 0.447139 0.0824017
415 0.608159 0.447139 0.0824017
416 0.608159 0.447139 0.0824017
417 0.608159 0.447139 0.0824017
418 0.608159 0.447139 0.0824017
419 0.608159 0.447139 0.0824017
420 0.608159 0.447139 0.0824017
421 0.608159 0.447139 0.0824017
422 0.608159 0.447139 0.0824017
423 0.608159 0.447139 0.0824017
424 0.608159 0.447139 0.0824017
425 0.608159 0.447139 0.0824017
426 0.608159 0.447139 0.0824017
427 0.608159 0.447139 0.0824017
428 0.608159 0.447139 0.0824017
429 0.608159 0.447139 0.0824017
430 0.608159 0.447139 0.0824017
431 0.608159 0.447139 0.0824017
432 0.608159 0.447139 0.0824017
433 0.608159 0.447139 0.0824017
434 0.608159 0.447139 0.0824017
435 0.608159 0.447139 0.0824017
436 0.608159 0.447139 0.0824017
437 0.608159 0.447139 0.0824017
438 0.608159 0.447139 0.0824017
439 0.608159 0.447139 0.0824017
440 0.608159 0.447139 0.0824017
441 0.608159 0.447139 0.0824017
442 0.608159 0.447139 0.0824017
443 0.608159 0.447139 0.0824017
444 0.608159 0.447139 0.0824017
445 0.608159 0.447139 0.0824017
446 0.608159 0.447139 0.0824017
447 0.608159 0.447139 0.0824017
448 0.608159 0.447139 0.0824017
449 0.608159 0.447139 0.0824017
450 0.608159 0.447139 0.0824017
451 0.608159 0.447139 0.0824017
452 0.608159 0.447139 0.0824017
453 0.608159 0.447139 0.0824017
454 0.608159 0.447139 0.0824017
455 0.608159 0.447139 0.0824017
456 0.608159 0.447139 0.0824017
457 0.608159 0.447139 0.0824017
458 0.608159 0.447139 0.0824017
459 0.608159 0.447139 0.0824017
460 0.608159 0.447139 0.0824017
461 0.608159 0.447139 0.0824017
462 0.608159 0.447139 0.0824017
463 0.608159 0.447139 0.0824017
464 0.608159 0.447139 0.0824017
465 0.608159 0.447139 0.0824017
466 0.608159 0.447139 0.0824017
467 0.608159 0.447139 0.0824017
468 0.608159 0.447139 0.0824017
469 0.608159 0.447139 0.0824017
470 0.608159 0.447139 0.0824017
471 0.608159 0.447139 0.0824017
472 0.608159 0.447139 0.0824017
473 0.608159 0.447139 0.0824017
474 0.608159 0.447139 0.0824017
475 0.608159 0.447139 0.0824017
476 0.608159 0.447139 0.0824017
477 0.608159 0.447139 0.0824017
478 0.608159 0.447139 0.0824017
479 0.608159 0.447139 0.0824017
480 0.608159 0.447139 0.0824017
481 0.608159 0.447139 0.0824017
482 0.608159 0.447139 0.0824017
483 0.608159 0.447139 0.0824017
484 0.608159 0.447139 0.0824017
485 0.608159 0.447139 0.0824017
486 0.608159 0.447139 0.0824017
487 0.608159 0.447139 0.0824017
488 0.608159 0.447139 0.0824017
489 0.608159 0.447139 0.0824017
490 0.608159 0.447139 0.0824017
491 0.608159 0.447139 0.0824017
492 0.608159 0.447139 0.0824017
493 0.608159 0.447139 0.0824017
494 0.608159 0.447139 0.0824017
495 0.608159 0.447139 0.0824017
496 0.608159 0.465158 0.0772563
497 0.608159 0.465158 0.0772563
498 0.608159 0.465158 0.0772563
499 0.608159 0.465158 0.0772563
500 0.608159 0.465158 0.0772563
501 0.608159 0.465158 0.0772563
502 0.608159 0.465158 0.0772563
503 0.608159 0.465158 0.0772563
504 0.608159 0.465158 0.0772563
505 0.608159 0.465158 0.0772563
506 0.608159 0.465158 0.0772563
507 0.608159 0.465158 0.0772563
508 0.608159 0.465158 0.0772563
509 0.608159 0.465158 0.0772563
510 0.608159 0.465158 0.0772563
511 0.608159 0.465158 0.0772563
512 0.608159 0.470126 0.0734359
513 0.608159 0.470126 0.0734359
514 0.608159 0.470126 0.0734359
515 0.608159 0.470126 0.0734359
516 0.608159 0.470126 0.0734359
517 0.608159 0.470126 0.0734359
518 0.608159 0.470126 0.0734359
519 0.608159 0.470126 0.0734359
520 0.608159 0.470126 0.0734359
521 0.608159 0.470126 0.0734359
522 0.608159 0.470126 0.0734359
523 0.608159 0.470126 0.0734359
524 0.608159 0.470126 0.0734359
525 0.608159 0.473029 0.0709367
526 0.608159 0.473029 0.0709367
527 0.608159 0.473029 0.0709367
528 0.608159 0.473029 0.0709367
529 0.608159 0.473029 0.0709367
530 0.608159 0.473029 0.0709367
531 0.608159 0.473029 0.0709367
532 0.608159 0.473029 0.0709367
533 0.608159 0.473029 0.0709367
534 0.608159 0.473029 0.0709367
535 0.608159 0.473029 0.0709367
536 0.608159 0.473029 0.0709367
537 0.608159 0.473029 0.0709367
538 0.608159 0.473029 0.0709367
539 0.608159 0.473029 0.0709367
540 0.608159 0.473029 0.0709367
541 0.608159 0.473029 0.0709367
542 0.608159 0.473029 0.0709367
543 0.608159 0.473029 0.0709367
544 0.608159 0.473029 0.0709367
545 0.608159 0.473029 0.0709367
546 0.608159 0.473029 0.0709367
547 0.608159 0.473029 0.0709367
548 0.608159 0.473029 0.0709367
549 0.608159 0.473029 0.0709367
550 0.608159 0.473029 0.0709367
551 0.608159 0.473029 0.0709367
552 0.608159 0.473029 0.0709367
553 0.608159 0.473029 0.0709367
554 0.608159 0.473029 0.0709367
555 0.608159 0.473029 0.0709367
556 0.608159 0.473029 0.0709367
557 0.608159 0.473029 0.0709367
558 0.608159 0.473029 0.0709367
559 0.608159 0.473029 0.0709367
560 0.608159 0.473029 0.0709367
561 0.608159 0.473029 0.0709367
562 0.608159 0.473029 0.0709367
563 0.608159 0.473029 0.0709367
564 0.608159 0.473029 0.0709367
565 0.608159 0.473029 0.0709367
566 0.608159 0.473029 0.0709367
567 0.608159 0.473029 0.0709367
568 0.608159 0.473029 0.0709367
569 0.608159 0.473029 0.0709367
570 0.608159 0.473029 0.0709367
571 0.608159 0.473029 0.0709367
572 0.608159 0.473029 0.0709367
573 0.608159 0.473029 0.0709367
574 0.608159 0.473029 0.0709367
575 0.608159 0.473029 0.0709367
576 0.608159 0.473029 0.0709367
577 0.608159 0.473029 0.0709367
578 0.608159 0.473029 0.0709367
579 0.608159 0.473029 0.0709367
580 0.608159 0.473029 0.0709367
581 0.608159 0.473029 0.0709367
582 0.608159 0.473029 0.0709367
583 0.608159 0.473029 0.0709367
584 0.608159 0.473029 0.0709367
585 0.608159 0.473029 0.0709367
586 0.608159 0.473029 0.0709367
587 0.608159 0.473029 0.0709367
588 0.608159 0.473029 0.0709367
589 0.608159 0.473029 0.0709367
590 0.608159 0.473029 0.0709367
591 0.608159 0.473029 0.0709367
592 0.608159 0.473029 0.0709367
593 0.608159 0.473029 0.0709367
594 0.608159 0.473029 0.0709367
595 0.608159 0.473029 0.0709367
596 0.608159 0.473029 0.0709367
597 0.608159 0.473029 0.0709367
598 0.608159 0.473029 0.0709367
599 0.608159 0.473029 0.0709367
600 0.608159 0.473029 0.0709367
601 0.608159 0.473029 0.0709367
602 0.608159 0.473029 0.0709367
603 0.608159 0.473029 0.0709367
604 0.608159 0.473029 0.0709367
605 0.608159 0.473029 0.0709367
606 0.608159 0.473029 0.0709367
607 0.608159 0.473029 0.0709367
608 0.608159 0.473029 0.0709367
609 0.608159 0.473029 0.0709367
610 0.608159 0.473029 0.0709367
611 0.608159 0.473029 0.0709367
612 0.608159 0.473029 0.0709367
613 0.608159 0.473029 0.0709367
614 0.608159 0.473029 0.0709367
615 0.608159 0.473029 0.0709367
616 0.608159 0.473029 0.0709367
617 0.608159 0.473029 0.0709367
618 0.608159 0.473029 0.0709367
619 0.608159 0.473029 0.0709367
620 0.608159 0.473029 0.0709367
621 0.608159 0.473029 0.0709367
622 0.608159 0.473029 0.0709367
623 0.608159 0.473029 0.0709367
624 0.608159 0.473029 0.0709367
625 0.608159 0.473029 0.0709367
626 0.608159 0.473029 0.0709367
627 0.608159 0.473029 0.0709367
628 0.608159 0.473029 0.0709367
629 0.608159 0.473029 0.0709367
630 0.608159 0.473029 0.0709367
631 0.608159 0.473029 0.0709367
632 0.608159 0.476382 0.0685512
633 0.608159 0.476382 0.0685512
634 0.608159 0.476382 0.0685512
635 0.608159 0.476382 0.0685512
636 0.608159 0.476382 0.0685512
637 0.608159 0.476382 0.0685512
638 0.608159 0.476382 0.0685512
639 0.608159 0.476382 0.0685512
640 0.608159 0.476382 0.0685512
641 0.608159 0.476382 0.0685512
642 0.608159 0.476382 0.0685512
643 0.608159 0.476382 0.0685512
644 0.608159 0.476382 0.0685512
645 0.608159 0.476382 0.0685512
646 0.608159 0.476382 0.0685512
647 0.608159 0.476382 0.0685512
648 0.608159 0.476382 0.0685512
649 0.608159 0.476382 0.0685512
650 0.608159 0.476382 0.0685512
651 0.608159 0.476382 0.0685512
652 0.608159 0.476382 0.0685512
653 0.608159 0.476382 0.0685512
654 0.608159 0.476382 0.0685512
655 0.608159 0.476382 0.0685512
656 0.608159 0.476382 0.0685512
657 0.608159 0.476382 0.0685512
658 0.608159 0.476382 0.0685512
659 0.608159 0.476382 0.0685512
660 0.608159 0.476382 0.0685512
661 0.608159 0.476382 0.0685512
662 0.608159 0.476382 0.0685512
663 0.608159 0.476382 0.0685512
664 0.608159 0.476382 0.0685512
665 0.608159 0.476382 0.0685512
666 0.608159 0.476382 0.0685512
667 0.608159 0.476382 0.0685512
668 0.608159 0.476382 0.0685512
669 0.608159 0.476382 0.0685512
670 0.608159 0.476382 0.0685512
671 0.608159 0.476382 0.0685512
672 0.608159 0.476382 0.0685512
673 0.608159 0.476382 0.0685512
674 0.608159 0.476382 0.0685512
675 0.608159 0.476382 0.0685512
676 0.608159 0.476382 0.0685512
677 0.608159 0.476382 0.0685512
678 0.608159 0.476382 0.0685512
679 0.608159 0.476382 0.0685512
680 0.608159 0.476382 0.0685512
681 0.608159 0.476382 0.0685512
682 0.608159 0.476382 0.0685512
683 0.608159 0.476382 0.0685512
684 0.608159 0.476382 0.0685512
685 0.608159 0.476382 0.0685512
686 0.608159 0.476382 0.0685512
687 0.608159 0.476382 0.0685512
688 0.608159 0.476382 0.0685512
689 0.608159 0.476382 0.0685512
690 0.608159 0.476382 0.0685512
691 0.608159 0.476382 0.0685512
692 0.608159 0.476382 0.0685512
693 0.608159 0.476382 0.0685512
694 0.608159 0.476382 0.0685512
695 0.608159 0.476382 0.0685512
696 0.608159 0.476382 0.0685512
697 0.608159 0.476382 0.0685512
698 0.608159 0.476382 0.0685512
699 0.608159 0.476382 0.0685512
700 0.608159 0.476382 0.0685512
701 0.608159 0.476382 0.0685512
702 0.608159 0.476382 0.0685512
703 0.608159 0.476382 0.0685512
704 0.608159 0.476382 0.0685512
705 0.608159 0.476382 0.0685512
706 0.608159 0.476382 0.0685512
707 0.608159 0.476382 0.0685512
708 0.608159 0.476382 0.0685512
709 0.608159 0.476382 0.0685512
710 0.608159 0.476382 0.0685512
711 0.608159 0.476382 0.0685512
712 0.608159 0.480574 0.0656857
713 0.608159 0.480574 0.0656857
714 0.608159 0.480574 0.0656857
715 0.608159 0.480574 0.0656857
716 0.608159 0.480574 0.0656857
717 0.608159 0.480574 0.0656857
718 0.608159 0.480574 0.0656857
719 0.608159 0.480574 0.0656857
720 0.608159 0.480574 0.0656857
721 0.608159 0.480574 0.0656857
722 0.608159 0.480574 0.0656857
723 0.608159 0.480574 0.0656857
724 0.608159 0.480574 0.0656857
725 0.608159 0.480574 0.0656857
726 0.608159 0.480574 0.0656857
727 0.608159 0.480574 0.0656857
728 0.608159 0.480574 0.0656857
729 0.608159 0.480574 0.0656857
730 0.608159 0.480574 0.0656857
731 0.608159 0.480574 0.0656857
732 0.608159 0.480574 0.0656857
733 0.608159 0.480574 0.0656857
734 0.608159 0.480574 0.0656857
735 0.608159 0.480574 0.0656857
736 0.608159 0.480574 0.0656857
737 0.608159 0.480574 0.0656857
738 0.608159 0.480574 0.0656857
739 0.608159 0.480574 0.0656857
740 0.608159 0.480574 0.0656857
741 0.608159 0.480574 0.0656857
742 0.608159 0.480574 0.0656857
743 0.608159 0.480574 0.0656857
744 0.608159 0.480574 0.0656857
745 0.608159 0.480574 0.0656857
746 0.608159 0.480574 0.0656857
747 0.608159 0.480574 0.0656857
748 0.608159 0.480574 0.0656857
749 0.608159 0.480574 0.0656857
750 0.608159 0.480574 0.0656857
751 0.608159 0.480574 0.0656857
752 0.608159 0.480574 0.0656857
753 0.608159 0.480574 0.0656857
754 0.608159 0.480574 0.0656857
755 0.608159 0.480574 0.0656857
756 0.608159 0.480574 0.0656857
757 0.608159 0.480574 0.0656857
758 0.608159 0.480574 0.0656857
759 0.608159 0.480574 0.0656857
760 0.608159 0.480574 0.0656857
761 0.608159 0.480574 0.0656857
762 0.608159 0.480574 0.0656857
763 0.608159 0.480574 0.0656857
764 0.608159 0.480574 0.0656857
765 0.608159 0.480574 0.0656857
766 0.608159 0.480574 0.0656857
767 0.608159 0.480574 0.0656857
768 0.608159 0.480574 0.0656857
769 0.608159 0.480574 0.0656857
770 0.608159 0.480574 0.0656857
771 0.608159 0.480574 0.0656857
772 0.608159 0.480574 0.0656857
773 0.608159 0.480574 0.0656857
774 0.608159 0.480574 0.0656857
775 0.608159 0.480574 0.0656857
776 0.608159 0.480574 0.0656857
777 0.608159 0.480574 0.0656857
778 0.608159 0.480574 0.0656857
779 0.608159 0.480574 0.0656857
780 0.608159 0.480574 0.0656857
781 0.608159 0.480574 0.0656857
782 0.608159 0.480574 0.0656857
783 0.608159 0.480574 0.0656857
784 0.608159 0.480574 0.0656857
785 0.608159 0.480574 0.0656857
786 0.608159 0.480574 0.0656857
787 0.608159 0.480574 0.0656857
788 0.608159 0.480574 0.0656857
789 0.608159 0.480574 0.0656857
790 0.608159 0.480574 0.0656857
791 0.608159 0.480574 0.0656857
792 0.608159 0.480574 0.0656857
793 0.608159 0.480574 0.0656857
794 0.608159 0.480574 0.0656857
795 0.608159 0.480574 0.0656857
796 0.608159 0.480574 0.0656857
797 0.608159 0.480574 0.0656857
798 0.608159 0.480574 0.0656857
799 0.608159 0.480574 0.0656857
800 0.608159 0.480574 0.0656857
801 0.608159 0.480574 0.0656857
802 0.608159 0.480574 0.0656857
803 0.608159 0.480574 0.0656857
804 0.608159 0.480574 0.0656857
805 0.608159 0.482721 0.0642713
806 0.608159 0.482721 0.0642713
807 0.608159 0.482721 0.0642713
808 0.608159 0.482721 0.0642713
809 0.608159 0.482721 0.0642713
810 0.608159 0.482721 0.0642713
811 0.608159 0.482721 0.0642713
812 0.608159 0.482721 0.0642713
813 0.608159 0.482721 0.0642713
814 0.608159 0.482721 0.0642713
815 0.608159 0.482721 0.0642713
816 0.608159 0.482721 0.0642713
817 0.608159 0.482721 0.0642713
818 0.608159 0.482721 0.0642713
819 0.608159 0.482721 0.0642713
820 0.608159 0.482721 0.0642713
821 0.608159 0.482721 0.0642713
822 0.608159 0.482721 0.0642713
823 0.608159 0.482721 0.0642713
824 0.608159 0.482721 0.0642713
825 0.608159 0.482721 0.0642713
826 0.608159 0.482721 0.0642713
827 0.608159 0.482721 0.0642713
828 0.608159 0.482721 0.0642713
829 0.608159 0.482721 0.0642713
830 0.608159 0.482721 0.0642713
831 0.608159 0.482721 0.0642713
832 0.608159 0.482721 0.0642713
833 0.608159 0.482721 0.0642713
834 0.608159 0.482721 0.0642713
835 0.608159 0.482721 0.0642713
836 0.608159 0.482721 0.0642713
837 0.608159 0.482721 0.0642713
838 0.608159 0.482721 0.0642713
839 0.608159 0.482721 0.0642713
840 0.608159 0.482721 0.0642713
841 0.608159 0.482721 0.0642713
842 0.608159 0.482721 0.0642713
843 0.608159 0.482721 0.0642713
844 0.608159 0.482721 0.0642713
845 0.608159 0.482721 0.0642713
846 0.608159 0.482721 0.0642713
847 0.608159 0.482721 0.0642713
848 0.608159 0.482721 0.0642713
849 0.608159 0.482721 0.0642713
850 0.608159 0.482721 0.0642713
851 0.608159 0.482721 0.0642713
852 0.608159 0.482721 0.0642713
853 0.608159 0.482721 0.0642713
854 0.608159 0.482721 0.0642713
855 0.608159 0.482721 0.0642713
856 0.608159 0.482721 0.0642713
857 0.608159 0.482721 0.0642713
858 0.608159 0.482721 0.0642713
859 0.608159 0.482721 0.0642713
860 0.608159 0.482721 0.0642713
861 0.608159 0.482721 0.0642713
862 0.608159 0.482721 0.0642713
863 0.608159 0.482721 0.0642713
864 0.608159 0.482721 0.0642713
865 0.608159 0.482721 0.0642713
866 0.608159 0.482721 0.0642713
867 0.608159 0.482721 0.0642713
868 0.608159 0.482721 0.0642713
869 0.608159 0.482721 0.0642713
870 0.608159 0.482721 0.0642713
871 0.608159 0.482721 0.0642713
872 0.608159 0.482721 0.0642713
873 0.608159 0.482721 0.0642713
874 0.608159 0.482721 0.0642713
875 0.608159 0.482721 0.0642713
876 0.608159 0.482721 0.0642713
877 0.608159 0.482721 0.0642713
878 0.608159 0.482721 0.0642713
879 0.608159 0.482721 0.0642713
880 0.608159 0.482721 0.0642713
881 0.608159 0.482721 0.0642713
882 0.608159 0.482721 0.0642713
883 0.608159 0.482721 0.0642713
884 0.608159 0.482721 0.0642713
885 0.608159 0.482721 0.0642713
886 0.608159 0.482721 0.0642713
887 0.608159 0.482721 0.0642713
888 0.608159 0.482721 0.0642713
889 0.608159 0.482721 0.0642713
890 0.608159 0.482721 0.0642713
891 0.608159 0.482721 0.0642713
892 0.608159 0.482721 0.0642713
893 0.608159 0.482721 0.0642713
894 0.608159 0.482721 0.0642713
895 0.608159 0.482721 0.0642713
896 0.608159 0.482721 0.0642713
897 0.608159 0.482721 0.0642713
898 0.608159 0.482721 0.0642713
899 0.608159 0.482721 0.0642713
900 0.608159 0.482721 0.0642713
901 0.608159 0.482721 0.0642713
902 0.608159 0.482721 0.0642713
903 0.608159 0.482721 0.0642713
904 0.608159 0.482721 0.0642713
905 0.608159 0.482721 0.0642713
906 0.608159 0.482721 0.0642713
907 0.608159 0.482721 0.0642713
908 0.608159 0.482721 0.0642713
909 0.608159 0.482721 0.0642713
910 0.608159 0.482721 0.0642713
911 0.608159 0.482721 0.0642713
912 0.608159 0.491305 0.0607303
913 0.608159 0.491305 0.0607303
914 0.608159 0.491305 0.0607303
915 0.608159 0.491305 0.0607303
916 0.608159 0.491305 0.0607303
917 0.608159 0.491305 0.0607303
918 0.608159 0.491305 0.0607303
919 0.608159 0.491305 0.0607303
920 0.608159 0.491305 0.0607303
921 0.608159 0.491305 0.0607303
922 0.608159 0.491305 0.0607303
923 0.608159 0.491305 0.0607303
924 0.608159 0.491305 0.0607303
925 0.608159 0.491305 0.0607303
926 0.608159 0.491305 0.0607303
927 0.608159 0.491305 0.0607303
928 0.608159 0.491305 0.0607303
929 0.608159 0.491305 0.0607303
930 0.608159 0.491305 0.0607303
931 0.608159 0.491305 0.0607303
932 0.608159 0.491305 0.0607303
933 0.608159 0.491305 0.0607303
934 0.608159 0.491305 0.0607303
935 0.608159 0.491305 0.0607303
936 0.608159 0.491305 0.0607303
937 0.608159 0.491305 0.0607303
938 0.608159 0.491305 0.0607303
939 0.608159 0.491305 0.0607303
940 0.608159 0.491305 0.0607303
941 0.608159 0.491305 0.0607303
942 0.608159 0.491305 0.0607303
943 0.608159 0.491305 0.0607303
944 0.608159 0.491305 0.0607303
945 0.608159 0.491305 0.0607303
946 0.608159 0.491305 0.0607303
947 0.608159 0.491305 0.0607303
948 0.608159 0.491305 0.0607303
949 0.608159 0.491305 0.0607303
950 0.608159 0.491305 0.0607303
951 0.608159 0.491305 0.0607303
952 0.608159 0.491305 0.0607303
953 0.608159 0.491305 0.0607303
954 0.608159 0.491305 0.0607303
955 0.608159 0.491305 0.0607303
956 0.608159 0.491305 0.0607303
957 0.608159 0.491305 0.0607303
958 0.608159 0.491305 0.0607303
959 0.608159 0.491305 0.0607303
960 0.608159 0.491305 0.0607303
961 0.608159 0.491305 0.0607303
962 0.608159 0.491305 0.0607303
963 0.608159 0.491305 0.0607303
964 0.608159 0.491305 0.0607303
965 0.608159 0.491305 0.0607303
966 0.608159 0.491305 0.0607303
967 0.608159 0.491305 0.0607303
968 0.608159 0.491305 0.0607303
969 0.608159 0.491305 0.0607303
970 0.608159 0.49191 0.0602599
971 0.608159 0.49191 0.0602599
972 0.608159 0.49191 0.0602599
973 0.608159 0.49191 0.0602599
974 0.608159 0.49191 0.0602599
975 0.608159 0.49191 0.0602599
976 0.608159 0.49191 0.0602599
977 0.608159 0.49191 0.0602599
978 0.608159 0.49191 0.0602599
979 0.608159 0.49191 0.0602599
980 0.608159 0.49191 0.0602599
981 0.608159 0.49191 0.0602599
982 0.608159 0.49191 0.0602599
983 0.608159 0.49191 0.0602599
984 0.608159 0.49191 0.0602599
985 0.608159 0.49191 0.0602599
986 0.608159 0.49191 0.0602599
987 0.608159 0.49191 0.0602599
988 0.608159 0.49191 0.0602599
989 0.608159 0.49191 0.0602599
990 0.608159 0.49191 0.0602599
991 0.608159 0.49191 0.0602599
992 0.608159 0.49191 0.0602599
993 0.608159 0.493168 0.0593086
994 0.608159 0.493168 0.0593086
995 0.608159 0.493168 0.0593086
996 0.608159 0.493168 0.0593086
997 0.608159 0.493168 0.0593086
998 0.608159 0.493168 0.0593086
999 0.608159 0.493168 0.0593086
1000 0.608159 0.493168 0.0593086
