1 0.116824 -7999.98 4000.05
2 0.118136 -5999.95 4899.04
3 0.118136 0.116958 0.00079131
4 0.118414 0.117518 0.000666316
5 0.118414 0.117521 0.00066363
6 0.118603 0.118188 0.000402577
7 0.118715 0.118518 0.000131375
8 0.118715 0.11856 9.95548e-05
9 0.118715 0.118615 7.72164e-05
10 0.119404 0.11882 0.000294453
11 0.119404 0.118946 0.000309508
12 0.119404 0.118994 0.000281287
13 0.119404 0.118994 0.000281287
14 0.119404 0.118997 0.000278749
15 0.119404 0.119256 0.000182137
16 0.119482 0.119415 5.48142e-05
17 0.119807 0.119536 0.000141282
18 0.119807 0.119584 0.000117973
19 0.119807 0.119624 0.000110286
20 0.119808 0.119727 6.83059e-05
21 0.119808 0.119759 4.31507e-05
22 0.119852 0.1198 3.31215e-05
23 0.11993 0.119853 4.55474e-05
24 0.11993 0.11989 2.86326e-05
25 0.11993 0.119894 2.41613e-05
26 0.119938 0.119915 1.90637e-05
27 0.119938 0.119917 1.49988e-05
28 0.119938 0.119917 1.49988e-05
29 0.119938 0.119921 1.13094e-05
30 0.119953 0.11993 1.45257e-05
31 0.119971 0.119941 1.91526e-05
32 0.119971 0.119945 1.49383e-05
33 0.119971 0.119945 1.49383e-05
34 0.120014 0.119976 2.94338e-05
35 0.120014 0.120001 1.53748e-05
36 0.120014 0.120007 3.80635e-06
37 0.120014 0.120007 3.80635e-06
38 0.120014 0.120007 3.77409e-06
39 0.120014 0.120007 3.77409e-06
40 0.120014 0.120007 3.77409e-06
41 0.120014 0.120007 3.77409e-06
42 0.120021 0.120011 6.13548e-06
43 0.120021 0.120011 6.13548e-06
44 0.120021 0.120012 4.86646e-06
45 0.120021 0.120012 4.86646e-06
46 0.120021 0.120012 4.86646e-06
47 0.120043 0.120024 1.26874e-05
48 0.120043 0.120024 1.26874e-05
49 0.120048 0.120032 1.28018e-05
50 0.120065 0.120042 1.46585e-05
51 0.120065 0.120043 1.31358e-05
52 0.120065 0.12005 1.10776e-05
53 0.120065 0.12005 1.10776e-05
54 0.120065 0.120053 8.30467e-06
55 0.120065 0.120053 8.30467e-06
56 0.120065 0.120053 8.30467e-06
57 0.12008 0.120064 1.0706e-05
58 0.12015 0.120085 3.32196e-05
59 0.12015 0.120085 3.32196e-05
60 0.12015 0.120085 3.32196e-05
61 0.12015 0.120085 3.32196e-05
62 0.120201 0.120113 5.36988e-05
63 0.120201 0.120147 3.88292e-05
64 0.120201 0.120147 3.88292e-05
65 0.120201 0.120147 3.88292e-05
66 0.120201 0.120161 2.03399e-05
67 0.120201 0.120171 2.45606e-05
68 0.120204 0.120182 2.46626e-05
69 0.120204 0.120193 1.93813e-05
70 0.120204 0.120202 1.22267e-06
71 0.120204 0.120202 1.22267e-06
72 0.120204 0.120203 1.17784e-06
73 0.120204 0.120203 1.17784e-06
74 0.120204 0.120204 5.14304e-07
75 0.120204 0.120204 5.14304e-07
76 0.120231 0.120209 1.09258e-05
77 0.120231 0.120209 1.09258e-05
78 0.120231 0.12021 1.0573e-05
79 0.120231 0.120216 1.24101e-05
80 0.120231 0.120216 1.24101e-05
81 0.120231 0.120216 1.24101e-05
82 0.120231 0.120216 1.24101e-05
83 0.120231 0.120219 1.09041e-05
84 0.120231 0.120219 1.09041e-05
85 0.120231 0.120224 8.66206e-06
86 0.120231 0.120224 8.66206e-06
87 0.120231 0.120224 8.66206e-06
88 0.120231 0.120224 8.66206e-06
89 0.120233 0.120231 1.70321e-06
90 0.120233 0.120231 1.21179e-06
91 0.120233 0.120232 1.04447e-06
92 0.120233 0.120232 1.04447e-06
93 0.120233 0.120232 1.04447e-06
94 0.120233 0.120232 1.04447e-06
95 0.12024 0.120234 3.20607e-06
96 0.12024 0.120234 3.20607e-06
97 0.12024 0.120235 2.96316e-06
98 0.12024 0.120235 2.96316e-06
99 0.12024 0.120236 3.31474e-06
100 0.12024 0.120236 3.31474e-06
