1 -10000 -10000 0
2 -10000 -10000 0
3 0.0280142 -7999.99 4000.01
4 0.0280142 -7999.99 4000.01
5 0.0280142 -7999.99 4000.01
6 0.0280142 -7999.99 4000.01
7 0.0280142 -7999.99 4000.01
8 0.0280142 -7999.99 4000.01
9 0.0807914 -3999.97 4899
10 0.0807914 -1999.97 4000.02
11 0.0807914 -1999.97 4000.02
12 0.0807914 -1999.97 4000.02
13 0.392022 0.174004 0.146958
14 0.392022 0.174004 0.146958
15 1.038 0.375935 0.35479
16 1.038 0.375935 0.35479
17 1.038 0.387099 0.345459
18 1.17422 0.7965 0.368462
19 1.17422 0.7965 0.368462
20 1.17422 1.0616 0.112726
21 1.17422 1.0616 0.112726
22 1.17422 1.0616 0.112726
23 1.17422 1.0616 0.112726
24 1.17422 1.0616 0.112726
25 1.17422 1.0616 0.112726
26 1.17422 1.1211 0.0556916
27 1.29143 1.17179 0.0703833
28 1.29143 1.21442 0.0600305
29 1.31156 1.24486 0.0629195
30 1.31156 1.27055 0.0490332
31 1.31156 1.29685 0.0102017
32 1.31289 1.30266 0.00938101
33 1.31289 1.30266 0.00938101
34 1.31289 1.30639 0.00509974
35 1.32085 1.31045 0.00667633
36 1.32085 1.31045 0.00667633
37 1.32085 1.31221 0.00494302
38 1.32317 1.3157 0.00527992
39 1.32317 1.3157 0.00527992
40 1.32317 1.31715 0.00445675
41 1.32317 1.31854 0.00347168
42 1.32317 1.31929 0.00241376
43 1.32551 1.32106 0.00300242
44 1.32551 1.32106 0.00300242
45 1.32551 1.32106 0.00300242
46 1.32551 1.32106 0.00300242
47 1.32551 1.32205 0.0023384
48 1.32551 1.32205 0.0023384
49 1.32551 1.32247 0.00179136
50 1.32551 1.32247 0.00178493
51 1.32747 1.32385 0.00236396
52 1.32747 1.32435 0.00189276
53 1.32747 1.32504 0.00160516
54 1.32747 1.32504 0.00160516
55 1.32747 1.32504 0.00160516
56 1.32747 1.32504 0.00160516
57 1.32747 1.32504 0.00160516
58 1.32747 1.32504 0.00160516
59 1.32747 1.32525 0.00140491
60 1.32747 1.32544 0.00118419
61 1.32747 1.32606 0.00119552
62 1.32747 1.32606 0.00119552
63 1.32747 1.32606 0.00119552
64 1.32772 1.32674 0.000944656
65 1.32772 1.32674 0.000944656
66 1.32772 1.32674 0.000944656
67 1.32772 1.32674 0.000944656
68 1.32772 1.32674 0.000944656
69 1.33409 1.32868 0.0027202
70 1.33409 1.32868 0.0027202
71 1.33409 1.32868 0.0027202
72 1.33409 1.32879 0.00265354
73 1.33409 1.3288 0.00264648
74 1.33409 1.32895 0.00258066
75 1.33409 1.32895 0.00258066
76 1.33409 1.32895 0.00258066
77 1.33409 1.32895 0.00258066
78 1.33409 1.32895 0.00258066
79 1.33409 1.32895 0.00258066
80 1.33409 1.32913 0.00249826
81 1.33409 1.32913 0.00249826
82 1.33409 1.32913 0.00249826
83 1.33409 1.32913 0.00249826
84 1.33409 1.32994 0.00249206
85 1.33409 1.32994 0.00249206
86 1.33409 1.32994 0.00249206
87 1.33409 1.32994 0.00249206
88 1.33409 1.32994 0.00249206
89 1.33409 1.32994 0.00249206
90 1.33409 1.33006 0.00239678
91 1.33409 1.33006 0.00239678
92 1.33409 1.33006 0.00239678
93 1.33409 1.33006 0.00239678
94 1.33409 1.33059 0.00218637
95 1.33409 1.33059 0.00218637
96 1.33409 1.33059 0.00218637
97 1.33409 1.33059 0.00218637
98 1.33409 1.33059 0.00218637
99 1.33409 1.33059 0.00218637
100 1.33409 1.33059 0.00218637
