1 -1.67433 -2001.36 3999.32
2 -1.61881 -1.65203 0.0271219
3 -1.61881 -1.61881 0
4 -1.60125 -1.61482 0.00684807
5 -1.60125 -1.60731 0.0074231
6 -1.60125 -1.60125 1.75201e-07
7 -1.60125 -1.60125 0
8 -1.60125 -1.60125 0
9 -1.60125 -1.60125 0
10 -1.60125 -1.60125 0
11 -1.60125 -1.60125 0
12 -1.60125 -1.60125 0
13 -1.60125 -1.60125 0
14 -1.60125 -1.60125 0
15 -1.60125 -1.60125 0
16 -1.60125 -1.60125 0
17 -1.60125 -1.60125 0
18 -1.60125 -1.60125 0
19 -1.60125 -1.60125 0
20 -1.60125 -1.60125 0
21 -1.60125 -1.60125 0
22 -1.60125 -1.60125 0
23 -1.60125 -1.60125 0
24 -1.60125 -1.60125 0
25 -1.60125 -1.60125 0
26 -1.60125 -1.60125 0
27 -1.60125 -1.60125 0
28 -1.60125 -1.60125 0
29 -1.60125 -1.60125 0
30 -1.60125 -1.60125 0
31 -1.60125 -1.60125 0
32 -1.60125 -1.60125 0
33 -1.60125 -1.60125 0
34 -1.60125 -1.60125 0
35 -1.60125 -1.60125 0
36 -1.60125 -1.60125 0
37 -1.60125 -1.60125 0
38 -1.59067 -1.59913 0.0042316
39 -1.59067 -1.59067 2.38419e-07
40 -1.59067 -1.59067 2.92002e-07
41 -1.59067 -1.59067 0
42 -1.52146 -1.57683 0.0276838
43 -1.52146 -1.56298 0.0339049
44 -1.52146 -1.56298 0.0339049
45 -1.52146 -1.52146 0
46 -1.49315 -1.5158 0.0113223
47 -1.49315 -1.51014 0.0138669
48 -1.49315 -1.49881 0.0113223
49 -1.49315 -1.49315 0
50 -1.49315 -1.49315 0
51 -1.49315 -1.49315 0
52 -1.49315 -1.49315 0
53 -1.48092 -1.49071 0.00489197
54 -1.47077 -1.47889 0.0040628
55 -1.47077 -1.47377 0.00404189
56 -1.47077 -1.47077 0
57 -1.47077 -1.47077 0
58 -1.47077 -1.47077 0
59 -1.47077 -1.47077 0
60 -1.47077 -1.47077 0
61 -1.47077 -1.47077 0
62 -1.47077 -1.47077 0
63 -1.47077 -1.47077 0
64 -1.47077 -1.47077 0
65 -1.47077 -1.47077 0
66 -1.47077 -1.47077 0
67 -1.42451 -1.46151 0.0185026
68 -1.42451 -1.43376 0.0185026
69 -1.42451 -1.42451 0
70 -1.42451 -1.42451 0
71 -1.42451 -1.42451 0
72 -1.42451 -1.42451 0
73 -1.42451 -1.42451 0
74 -1.35711 -1.41103 0.0269595
75 -1.35711 -1.35743 0.000645447
76 -1.35711 -1.35711 0
77 -1.35711 -1.35711 0
78 -1.35711 -1.35711 0
79 -1.35711 -1.35711 0
80 -1.35711 -1.35711 0
81 -1.35711 -1.35711 0
82 -1.34971 -1.35563 0.00295925
83 -1.34971 -1.35563 0.00295925
84 -1.34971 -1.35267 0.00362433
85 -1.34971 -1.35119 0.00295925
86 -1.2991 -1.33959 0.0202466
87 -1.2991 -1.32947 0.0247969
88 -1.2991 -1.2991 0
89 -1.2991 -1.2991 0
90 -1.2991 -1.2991 0
91 -1.2991 -1.2991 0
92 -1.2991 -1.2991 0
93 -1.2991 -1.2991 0
94 -1.2991 -1.2991 0
95 -1.2991 -1.2991 0
96 -1.2991 -1.2991 0
97 -1.2991 -1.2991 0
98 -1.2991 -1.2991 0
99 -1.2991 -1.2991 0
100 -1.2991 -1.2991 0
101 -1.2991 -1.2991 0
102 -1.2991 -1.2991 0
103 -1.2991 -1.2991 0
104 -1.2991 -1.2991 0
105 -1.2991 -1.2991 0
106 -1.2991 -1.2991 0
107 -1.2991 -1.2991 0
108 -1.2991 -1.2991 0
109 -1.2991 -1.2991 0
110 -1.2991 -1.2991 0
111 -1.2991 -1.2991 0
112 -1.2991 -1.2991 0
113 -1.2991 -1.2991 0
114 -1.2991 -1.2991 0
115 -1.2991 -1.2991 0
116 -1.2991 -1.2991 0
117 -1.2991 -1.2991 0
118 -1.2991 -1.2991 0
119 -1.2991 -1.2991 0
120 -1.2991 -1.2991 0
121 -1.2991 -1.2991 0
122 -1.2991 -1.2991 0
123 -1.2991 -1.2991 0
124 -1.2991 -1.2991 0
125 -1.2991 -1.2991 0
126 -1.2991 -1.2991 0
127 -1.2991 -1.2991 0
128 -1.2991 -1.2991 0
129 -1.2991 -1.2991 0
130 -1.2991 -1.2991 0
131 -1.2991 -1.2991 0
132 -1.2991 -1.2991 0
133 -1.2991 -1.2991 0
134 -1.2991 -1.2991 0
135 -1.2991 -1.2991 0
136 -1.2991 -1.2991 0
137 -1.2991 -1.2991 0
138 -1.2991 -1.2991 0
139 -1.2991 -1.2991 0
140 -1.2991 -1.2991 0
141 -1.2991 -1.2991 0
142 -1.2991 -1.2991 0
143 -1.2991 -1.2991 0
144 -1.2991 -1.2991 0
145 -1.2991 -1.2991 0
146 -1.2991 -1.2991 0
147 -1.2991 -1.2991 0
148 -1.2991 -1.2991 0
149 -1.2991 -1.2991 0
150 -1.2991 -1.2991 0
151 -1.2991 -1.2991 0
152 -1.2991 -1.2991 0
153 -1.2991 -1.2991 0
154 -1.2991 -1.2991 0
155 -1.2991 -1.2991 0
156 -1.29731 -1.29874 0.000715494
157 -1.29731 -1.29838 0.000876298
158 -1.29731 -1.29766 0.000715494
159 -1.29731 -1.29731 0
160 -1.29731 -1.29731 0
161 -1.29731 -1.29731 0
162 -1.29731 -1.29731 0
163 -1.28541 -1.29493 0.00475788
164 -1.28541 -1.29298 0.00534438
165 -1.28541 -1.28627 0.00105232
166 -1.28541 -1.28541 0
167 -1.28541 -1.28541 0
168 -1.28541 -1.28541 0
169 -1.28541 -1.28541 0
170 -1.28541 -1.28541 0
171 -1.28541 -1.28541 0
172 -1.28541 -1.28541 0
173 -1.28541 -1.28541 0
174 -1.28541 -1.28541 0
175 -1.28541 -1.28541 0
176 -1.28541 -1.28541 0
177 -1.28541 -1.28541 0
178 -1.28541 -1.28541 0
179 -1.28541 -1.28541 0
180 -1.28541 -1.28541 0
181 -1.28541 -1.28541 0
182 -1.28541 -1.28541 0
183 -1.28541 -1.28541 0
184 -1.28541 -1.28541 0
185 -1.28541 -1.28541 0
186 -1.28541 -1.28541 0
187 -1.28541 -1.28541 0
188 -1.28541 -1.28541 0
189 -1.28541 -1.28541 0
190 -1.28541 -1.28541 0
191 -1.28541 -1.28541 0
192 -1.28541 -1.28541 0
193 -1.28541 -1.28541 0
194 -1.28541 -1.28541 0
195 -1.28541 -1.28541 0
196 -1.28541 -1.28541 0
197 -1.28541 -1.28541 0
198 -1.28541 -1.28541 0
199 -1.28541 -1.28541 0
200 -1.28541 -1.28541 0
201 -1.28541 -1.28541 0
202 -1.28541 -1.28541 0
203 -1.28541 -1.28541 0
204 -1.28541 -1.28541 0
205 -1.28541 -1.28541 0
206 -1.28541 -1.28541 0
207 -1.28541 -1.28541 0
208 -1.28541 -1.28541 0
209 -1.28541 -1.28541 0
210 -1.28541 -1.28541 0
211 -1.28541 -1.28541 0
212 -1.28541 -1.28541 0
213 -1.28541 -1.28541 0
214 -1.28541 -1.28541 0
215 -1.28541 -1.28541 0
216 -1.28541 -1.28541 0
217 -1.28541 -1.28541 0
218 -1.28541 -1.28541 0
219 -1.28541 -1.28541 0
220 -1.28541 -1.28541 0
221 -1.28541 -1.28541 0
222 -1.28541 -1.28541 0
223 -1.28541 -1.28541 0
224 -1.28541 -1.28541 0
225 -1.28541 -1.28541 0
226 -1.28541 -1.28541 0
227 -1.28541 -1.28541 0
228 -1.28541 -1.28541 0
229 -1.28541 -1.28541 0
230 -1.28541 -1.28541 0
231 -1.28541 -1.28541 0
232 -1.28541 -1.28541 0
233 -1.28541 -1.28541 0
234 -1.28541 -1.28541 0
235 -1.28541 -1.28541 0
236 -1.28541 -1.28541 0
237 -1.28541 -1.28541 0
238 -1.28541 -1.28541 0
239 -1.28541 -1.28541 0
240 -1.28541 -1.28541 0
241 -1.28541 -1.28541 0
242 -1.28541 -1.28541 0
243 -1.28541 -1.28541 0
244 -1.28541 -1.28541 0
245 -1.28541 -1.28541 0
246 -1.28541 -1.28541 0
247 -1.28541 -1.28541 0
248 -1.28541 -1.28541 0
249 -1.28541 -1.28541 0
250 -1.28541 -1.28541 0
251 -1.28541 -1.28541 0
252 -1.28541 -1.28541 0
253 -1.28541 -1.28541 0
254 -1.28541 -1.28541 0
255 -1.28541 -1.28541 0
256 -1.28541 -1.28541 0
257 -1.28541 -1.28541 0
258 -1.28054 -1.28444 0.0019474
259 -1.28054 -1.28152 0.0019474
260 -1.28054 -1.28054 0
261 -1.28054 -1.28054 0
262 -1.28054 -1.28054 0
263 -1.28054 -1.28054 0
264 -1.28054 -1.28054 0
265 -1.28054 -1.28054 0
266 -1.28054 -1.28054 0
267 -1.28054 -1.28054 0
268 -1.28054 -1.28054 0
269 -1.28054 -1.28054 0
270 -1.28054 -1.28054 0
271 -1.28054 -1.28054 0
272 -1.28054 -1.28054 0
273 -1.28054 -1.28054 0
274 -1.28054 -1.28054 0
275 -1.28054 -1.28054 0
276 -1.28054 -1.28054 0
277 -1.28054 -1.28054 0
278 -1.28054 -1.28054 0
279 -1.28054 -1.28054 0
280 -1.28054 -1.28054 0
281 -1.28054 -1.28054 0
282 -1.28054 -1.28054 0
283 -1.28054 -1.28054 0
284 -1.28054 -1.28054 0
285 -1.28054 -1.28054 0
286 -1.28054 -1.28054 0
287 -1.28054 -1.28054 0
288 -1.28054 -1.28054 0
289 -1.28054 -1.28054 0
290 -1.28054 -1.28054 0
291 -1.28054 -1.28054 0
292 -1.28054 -1.28054 0
293 -1.28054 -1.28054 0
294 -1.28054 -1.28054 0
295 -1.28054 -1.28054 0
296 -1.28054 -1.28054 0
297 -1.28054 -1.28054 0
298 -1.28054 -1.28054 0
299 -1.28054 -1.28054 0
300 -1.28054 -1.28054 0
301 -1.28054 -1.28054 0
302 -1.28054 -1.28054 0
303 -1.28054 -1.28054 0
304 -1.28054 -1.28054 0
305 -1.28054 -1.28054 0
306 -1.28054 -1.28054 0
307 -1.28054 -1.28054 0
308 -1.268 -1.27804 0.0050158
309 -1.268 -1.268 0
310 -1.268 -1.268 0
311 -1.268 -1.268 0
312 -1.16119 -1.24664 0.0427241
313 -1.16119 -1.24664 0.0427241
314 -1.16119 -1.24664 0.0427241
315 -1.16119 -1.22528 0.0523262
316 -1.16119 -1.16119 0
317 -1.16119 -1.16119 0
318 -1.16119 -1.16119 0
319 -1.16119 -1.16119 0
320 -1.16119 -1.16119 0
321 -1.16119 -1.16119 0
322 -1.16119 -1.16119 0
323 -1.16119 -1.16119 0
324 -1.16119 -1.16119 0
325 -1.16119 -1.16119 0
326 -1.16119 -1.16119 0
327 -1.16119 -1.16119 0
328 -1.16119 -1.16119 0
329 -1.16119 -1.16119 0
330 -1.16119 -1.16119 0
331 -1.16119 -1.16119 0
332 -1.13931 -1.15682 0.00875521
333 -1.13931 -1.15682 0.00875521
334 -1.13931 -1.15244 0.0107229
335 -1.13931 -1.14806 0.0107229
336 -1.13931 -1.13931 0
337 -1.13931 -1.13931 0
338 -1.12103 -1.13565 0.00731163
339 -1.12103 -1.13565 0.00731163
340 -1.12103 -1.13199 0.00895488
341 -1.12103 -1.12103 0
342 -1.12103 -1.12103 0
343 -1.12103 -1.12103 0
344 -1.12103 -1.12103 0
345 -1.12103 -1.12103 0
346 -1.12103 -1.12103 0
347 -1.12103 -1.12103 0
348 -1.12103 -1.12103 0
349 -1.12103 -1.12103 0
350 -1.12103 -1.12103 0
351 -1.12103 -1.12103 0
352 -1.12103 -1.12103 0
353 -1.12103 -1.12103 0
354 -1.12103 -1.12103 0
355 -1.12103 -1.12103 0
356 -1.12103 -1.12103 0
357 -1.12103 -1.12103 0
358 -1.12103 -1.12103 0
359 -1.12103 -1.12103 0
360 -1.12103 -1.12103 0
361 -1.12103 -1.12103 0
362 -1.12103 -1.12103 0
363 -1.12103 -1.12103 0
364 -1.12103 -1.12103 0
365 -1.12103 -1.12103 0
366 -1.12103 -1.12103 0
367 -1.12103 -1.12103 0
368 -1.12103 -1.12103 0
369 -1.12103 -1.12103 0
370 -1.12103 -1.12103 0
371 -1.12103 -1.12103 0
372 -1.12103 -1.12103 0
373 -1.12103 -1.12103 0
374 -1.12103 -1.12103 0
375 -1.12103 -1.12103 0
376 -1.12103 -1.12103 0
377 -1.12103 -1.12103 0
378 -1.12103 -1.12103 0
379 -1.12103 -1.12103 0
380 -1.12103 -1.12103 0
381 -1.12103 -1.12103 0
382 -1.12103 -1.12103 0
383 -1.12103 -1.12103 0
384 -1.12103 -1.12103 0
385 -1.12103 -1.12103 0
386 -1.12103 -1.12103 0
387 -1.12103 -1.12103 0
388 -1.12103 -1.12103 0
389 -1.12103 -1.12103 0
390 -1.12103 -1.12103 0
391 -1.12103 -1.12103 0
392 -1.12103 -1.12103 0
393 -1.12103 -1.12103 0
394 -1.12103 -1.12103 0
395 -1.12103 -1.12103 0
396 -1.12103 -1.12103 0
397 -1.12103 -1.12103 0
398 -1.12103 -1.12103 0
399 -1.12103 -1.12103 0
400 -1.12103 -1.12103 0
401 -1.12103 -1.12103 0
402 -1.12103 -1.12103 0
403 -1.12103 -1.12103 0
404 -1.12103 -1.12103 0
405 -1.12103 -1.12103 0
406 -1.12103 -1.12103 0
407 -1.12103 -1.12103 0
408 -1.12103 -1.12103 0
409 -1.12103 -1.12103 0
410 -1.12103 -1.12103 0
411 -1.12103 -1.12103 0
412 -1.12103 -1.12103 0
413 -1.12103 -1.12103 0
414 -1.12103 -1.12103 0
415 -1.12103 -1.12103 0
416 -1.12103 -1.12103 0
417 -1.12103 -1.12103 0
418 -1.12103 -1.12103 0
419 -1.12103 -1.12103 0
420 -1.12103 -1.12103 0
421 -1.12103 -1.12103 0
422 -1.12103 -1.12103 0
423 -1.12103 -1.12103 0
424 -1.12103 -1.12103 0
425 -1.12103 -1.12103 0
426 -1.12103 -1.12103 0
427 -1.12103 -1.12103 0
428 -1.12103 -1.12103 0
429 -1.12103 -1.12103 0
430 -1.12103 -1.12103 0
431 -1.12103 -1.12103 0
432 -1.12103 -1.12103 0
433 -1.12103 -1.12103 0
434 -1.12103 -1.12103 0
435 -1.12103 -1.12103 0
436 -1.12103 -1.12103 0
437 -1.12103 -1.12103 0
438 -1.12103 -1.12103 0
439 -1.12103 -1.12103 0
440 -1.12103 -1.12103 0
441 -1.12103 -1.12103 0
442 -1.12103 -1.12103 0
443 -1.12103 -1.12103 0
444 -1.12103 -1.12103 0
445 -1.12103 -1.12103 0
446 -1.12103 -1.12103 0
447 -1.12103 -1.12103 0
448 -1.12103 -1.12103 0
449 -1.12103 -1.12103 0
450 -1.12103 -1.12103 0
451 -1.12103 -1.12103 0
452 -1.12103 -1.12103 0
453 -1.12103 -1.12103 0
454 -1.12103 -1.12103 0
455 -1.12103 -1.12103 0
456 -1.12103 -1.12103 0
457 -1.12103 -1.12103 0
458 -1.12103 -1.12103 0
459 -1.12103 -1.12103 0
460 -1.12103 -1.12103 0
461 -1.12103 -1.12103 0
462 -1.12103 -1.12103 0
463 -1.12103 -1.12103 0
464 -1.12103 -1.12103 0
465 -1.12103 -1.12103 0
466 -1.12103 -1.12103 0
467 -1.12103 -1.12103 0
468 -1.12103 -1.12103 0
469 -1.12103 -1.12103 0
470 -1.12103 -1.12103 0
471 -1.12103 -1.12103 0
472 -1.12103 -1.12103 0
473 -1.12103 -1.12103 0
474 -1.12103 -1.12103 0
475 -1.12103 -1.12103 0
476 -1.1209 -1.121 5.08785e-05
477 -1.1209 -1.12095 6.23132e-05
478 -1.1209 -1.1209 0
479 -1.1209 -1.1209 0
480 -1.1209 -1.1209 0
481 -1.1209 -1.1209 0
482 -1.1209 -1.1209 0
483 -1.1209 -1.1209 0
484 -1.1209 -1.1209 0
485 -1.1209 -1.1209 0
486 -1.1209 -1.1209 0
487 -1.1209 -1.1209 0
488 -1.1209 -1.1209 0
489 -1.1209 -1.1209 0
490 -1.1209 -1.1209 0
491 -1.1209 -1.1209 0
492 -1.1209 -1.1209 0
493 -1.1209 -1.1209 0
494 -1.1209 -1.1209 0
495 -1.1209 -1.1209 0
496 -1.1209 -1.1209 0
497 -1.1209 -1.1209 0
498 -1.1209 -1.1209 0
499 -1.1209 -1.1209 0
500 -1.1209 -1.1209 0
501 -1.1209 -1.1209 0
502 -1.07194 -1.11111 0.019584
503 -1.07194 -1.08173 0.019584
504 -1.07194 -1.07194 0
505 -1.07194 -1.07194 0
506 -1.07194 -1.07194 0
507 -1.07194 -1.07194 0
508 -1.07194 -1.07194 0
509 -1.07194 -1.07194 0
510 -1.07194 -1.07194 0
511 -1.07194 -1.07194 0
512 -1.07194 -1.07194 0
513 -1.07194 -1.07194 0
514 -1.07194 -1.07194 0
515 -1.07194 -1.07194 0
516 -1.07194 -1.07194 0
517 -1.07194 -1.07194 0
518 -1.07194 -1.07194 0
519 -1.07194 -1.07194 0
520 -1.07194 -1.07194 0
521 -1.07194 -1.07194 0
522 -1.07194 -1.07194 0
523 -1.07194 -1.07194 0
524 -1.07194 -1.07194 0
525 -1.07194 -1.07194 0
526 -1.07194 -1.07194 0
527 -1.07194 -1.07194 0
528 -1.07194 -1.07194 0
529 -1.07194 -1.07194 0
530 -1.07194 -1.07194 0
531 -1.07194 -1.07194 0
532 -1.07194 -1.07194 0
533 -1.07194 -1.07194 0
534 -1.07194 -1.07194 0
535 -1.07194 -1.07194 0
536 -1.07194 -1.07194 0
537 -1.07194 -1.07194 0
538 -1.07194 -1.07194 0
539 -1.07194 -1.07194 0
540 -1.07194 -1.07194 0
541 -1.01377 -1.04867 0.0284981
542 -1.01377 -1.04867 0.0284981
543 -1.01377 -1.01377 0
544 -1.01377 -1.01377 0
545 -1.01377 -1.01377 0
546 -1.01377 -1.01377 0
547 -1.01377 -1.01377 0
548 -1.01377 -1.01377 0
549 -1.01377 -1.01377 0
550 -1.01377 -1.01377 0
551 -1.01377 -1.01377 0
552 -1.01377 -1.01377 0
553 -1.01377 -1.01377 0
554 -1.01377 -1.01377 0
555 -1.01377 -1.01377 0
556 -1.01377 -1.01377 0
557 -1.01377 -1.01377 0
558 -1.01377 -1.01377 0
559 -1.01377 -1.01377 0
560 -1.01377 -1.01377 0
561 -1.01377 -1.01377 0
562 -1.01377 -1.01377 0
563 -1.01377 -1.01377 0
564 -1.01377 -1.01377 0
565 -1.01377 -1.01377 0
566 -1.01377 -1.01377 0
567 -1.01377 -1.01377 0
568 -1.01377 -1.01377 0
569 -1.01377 -1.01377 0
570 -1.01377 -1.01377 0
571 -1.01377 -1.01377 0
572 -1.01377 -1.01377 0
573 -1.01377 -1.01377 0
574 -1.01377 -1.01377 0
575 -1.01377 -1.01377 0
576 -1.01377 -1.01377 0
577 -1.01377 -1.01377 0
578 -1.01377 -1.01377 0
579 -1.01377 -1.01377 0
580 -1.01377 -1.01377 0
581 -1.01377 -1.01377 0
582 -1.01377 -1.01377 0
583 -1.01377 -1.01377 0
584 -1.01377 -1.01377 0
585 -1.01377 -1.01377 0
586 -1.01377 -1.01377 0
587 -1.01377 -1.01377 0
588 -1.01377 -1.01377 0
589 -1.01377 -1.01377 0
590 -1.01377 -1.01377 0
591 -1.01377 -1.01377 0
592 -1.01377 -1.01377 0
593 -1.01377 -1.01377 0
594 -1.01377 -1.01377 0
595 -1.01377 -1.01377 0
596 -1.01377 -1.01377 0
597 -1.01377 -1.01377 0
598 -1.0128 -1.01357 0.000386238
599 -1.0128 -1.01338 0.000473043
600 -1.0128 -1.0128 0
601 -1.0128 -1.0128 0
602 -1.0128 -1.0128 0
603 -1.0128 -1.0128 0
604 -1.0128 -1.0128 0
605 -1.0128 -1.0128 0
606 -1.0128 -1.0128 0
607 -1.0128 -1.0128 0
608 -1.0128 -1.0128 0
609 -1.0128 -1.0128 0
610 -1.0128 -1.0128 0
611 -1.0128 -1.0128 0
612 -1.0128 -1.0128 0
613 -1.0128 -1.0128 0
614 -1.0128 -1.0128 0
615 -1.0128 -1.0128 0
616 -1.0128 -1.0128 0
617 -1.0128 -1.0128 0
618 -1.0128 -1.0128 0
619 -1.0128 -1.0128 0
620 -1.0128 -1.0128 0
621 -1.0128 -1.0128 0
622 -1.0128 -1.0128 0
623 -1.0128 -1.0128 0
624 -1.0128 -1.0128 0
625 -1.0128 -1.0128 0
626 -1.0128 -1.0128 0
627 -1.0128 -1.0128 0
628 -1.0128 -1.0128 0
629 -1.0128 -1.0128 0
630 -1.0128 -1.0128 0
631 -1.0128 -1.0128 0
632 -1.0128 -1.0128 0
633 -1.0128 -1.0128 0
634 -1.0128 -1.0128 0
635 -1.0128 -1.0128 0
636 -1.0128 -1.0128 0
637 -1.0128 -1.0128 0
638 -1.0128 -1.0128 0
639 -1.0128 -1.0128 0
640 -1.0128 -1.0128 0
641 -1.0128 -1.0128 0
642 -1.0128 -1.0128 0
643 -1.0128 -1.0128 0
644 -1.0128 -1.0128 0
645 -1.0128 -1.0128 0
646 -1.0128 -1.0128 0
647 -1.0128 -1.0128 0
648 -1.0128 -1.0128 0
649 -1.0128 -1.0128 0
650 -1.0128 -1.0128 0
651 -1.0128 -1.0128 0
652 -1.0128 -1.0128 0
653 -1.0128 -1.0128 0
654 -1.0128 -1.0128 0
655 -1.0128 -1.0128 0
656 -1.0128 -1.0128 0
657 -1.0128 -1.0128 0
658 -1.0128 -1.0128 0
659 -1.0128 -1.0128 0
660 -1.0128 -1.0128 0
661 -1.0128 -1.0128 0
662 -1.0128 -1.0128 0
663 -1.0128 -1.0128 0
664 -1.0128 -1.0128 0
665 -1.0128 -1.0128 0
666 -1.0128 -1.0128 0
667 -1.0128 -1.0128 0
668 -1.0128 -1.0128 0
669 -1.0128 -1.0128 0
670 -1.0128 -1.0128 0
671 -1.0128 -1.0128 0
672 -1.0128 -1.0128 0
673 -1.0128 -1.0128 0
674 -1.0128 -1.0128 0
675 -1.0128 -1.0128 0
676 -1.0128 -1.0128 0
677 -1.0128 -1.0128 0
678 -1.0128 -1.0128 0
679 -1.0128 -1.0128 0
680 -1.0128 -1.0128 0
681 -1.0128 -1.0128 0
682 -1.0128 -1.0128 0
683 -1.0128 -1.0128 0
684 -1.0128 -1.0128 0
685 -1.0128 -1.0128 0
686 -1.0128 -1.0128 0
687 -1.0128 -1.0128 0
688 -1.0128 -1.0128 0
689 -1.0128 -1.0128 0
690 -1.0128 -1.0128 0
691 -1.0128 -1.0128 0
692 -1.0128 -1.0128 0
693 -1.0128 -1.0128 0
694 -1.0128 -1.0128 0
695 -1.0128 -1.0128 0
696 -1.0128 -1.0128 0
697 -1.0128 -1.0128 0
698 -1.0128 -1.0128 0
699 -1.0128 -1.0128 0
700 -1.0128 -1.0128 0
701 -1.0128 -1.0128 0
702 -1.0128 -1.0128 0
703 -1.0128 -1.0128 0
704 -1.0128 -1.0128 0
705 -1.0128 -1.0128 0
706 -1.0128 -1.0128 0
707 -1.0128 -1.0128 0
708 -1.0128 -1.0128 0
709 -1.0128 -1.0128 0
710 -1.0128 -1.0128 0
711 -1.0128 -1.0128 0
712 -1.0128 -1.0128 0
713 -1.0128 -1.0128 0
714 -1.0128 -1.0128 0
715 -1.0128 -1.0128 0
716 -1.0128 -1.0128 0
717 -1.0128 -1.0128 0
718 -1.0128 -1.0128 0
719 -1.0128 -1.0128 0
720 -1.0128 -1.0128 0
721 -1.0128 -1.0128 0
722 -1.0128 -1.0128 0
723 -1.0128 -1.0128 0
724 -1.0128 -1.0128 0
725 -1.0128 -1.0128 0
726 -1.0128 -1.0128 0
727 -1.0128 -1.0128 0
728 -1.0128 -1.0128 0
729 -1.0128 -1.0128 0
730 -1.0128 -1.0128 0
731 -1.0128 -1.0128 0
732 -1.0128 -1.0128 0
733 -1.0128 -1.0128 0
734 -1.0128 -1.0128 0
735 -1.0128 -1.0128 0
736 -1.0128 -1.0128 0
737 -1.0128 -1.0128 0
738 -1.0128 -1.0128 0
739 -0.992946 -1.00883 0.00794251
740 -0.992946 -0.996917 0.00794251
741 -0.992946 -0.992946 0
742 -0.992946 -0.992946 0
743 -0.992946 -0.992946 0
744 -0.992946 -0.992946 0
745 -0.992946 -0.992946 0
746 -0.992946 -0.992946 0
747 -0.992946 -0.992946 0
748 -0.992946 -0.992946 0
749 -0.992946 -0.992946 0
750 -0.992946 -0.992946 0
751 -0.992946 -0.992946 0
752 -0.992946 -0.992946 0
753 -0.992946 -0.992946 0
754 -0.992946 -0.992946 0
755 -0.992946 -0.992946 0
756 -0.992946 -0.992946 0
757 -0.992946 -0.992946 0
758 -0.992946 -0.992946 0
759 -0.992946 -0.992946 0
760 -0.992946 -0.992946 0
761 -0.992946 -0.992946 0
762 -0.992946 -0.992946 0
763 -0.992946 -0.992946 0
764 -0.992946 -0.992946 0
765 -0.992946 -0.992946 0
766 -0.992946 -0.992946 0
767 -0.992946 -0.992946 0
768 -0.992946 -0.992946 0
769 -0.992946 -0.992946 0
770 -0.992946 -0.992946 0
771 -0.992946 -0.992946 0
772 -0.992946 -0.992946 0
773 -0.992946 -0.992946 0
774 -0.992946 -0.992946 0
775 -0.992946 -0.992946 0
776 -0.992946 -0.992946 0
777 -0.992946 -0.992946 0
778 -0.992946 -0.992946 0
779 -0.992946 -0.992946 0
780 -0.992946 -0.992946 0
781 -0.951953 -0.984747 0.016397
782 -0.951953 -0.960152 0.016397
783 -0.951953 -0.951953 0
784 -0.951953 -0.951953 0
785 -0.951953 -0.951953 0
786 -0.951953 -0.951953 0
787 -0.951953 -0.951953 0
788 -0.951953 -0.951953 0
789 -0.951953 -0.951953 0
790 -0.942267 -0.950016 0.0038744
791 -0.942267 -0.946142 0.00474515
792 -0.942267 -0.942267 0
793 -0.942267 -0.942267 0
794 -0.942267 -0.942267 0
795 -0.942267 -0.942267 0
796 -0.942267 -0.942267 0
797 -0.942267 -0.942267 0
798 -0.942267 -0.942267 0
799 -0.942267 -0.942267 0
800 -0.942267 -0.942267 0
801 -0.942267 -0.942267 0
802 -0.942267 -0.942267 0
803 -0.942267 -0.942267 0
804 -0.942267 -0.942267 0
805 -0.942267 -0.942267 0
806 -0.942267 -0.942267 0
807 -0.942267 -0.942267 0
808 -0.942267 -0.942267 0
809 -0.942267 -0.942267 0
810 -0.942183 -0.94225 3.34501e-05
811 -0.942183 -0.942217 4.09679e-05
812 -0.942183 -0.942183 0
813 -0.942183 -0.942183 0
814 -0.942183 -0.942183 0
815 -0.942183 -0.942183 0
816 -0.942183 -0.942183 0
817 -0.942183 -0.942183 0
818 -0.942183 -0.942183 0
819 -0.942183 -0.942183 0
820 -0.942183 -0.942183 0
821 -0.942183 -0.942183 0
822 -0.942183 -0.942183 0
823 -0.942183 -0.942183 0
824 -0.942183 -0.942183 0
825 -0.942183 -0.942183 0
826 -0.942183 -0.942183 0
827 -0.942183 -0.942183 0
828 -0.942183 -0.942183 0
829 -0.942183 -0.942183 0
830 -0.942183 -0.942183 0
831 -0.942183 -0.942183 0
832 -0.942183 -0.942183 0
833 -0.942183 -0.942183 0
834 -0.942183 -0.942183 0
835 -0.942183 -0.942183 0
836 -0.942183 -0.942183 0
837 -0.942183 -0.942183 0
838 -0.942183 -0.942183 0
839 -0.942183 -0.942183 0
840 -0.942183 -0.942183 0
841 -0.942183 -0.942183 0
842 -0.942183 -0.942183 0
843 -0.942183 -0.942183 0
844 -0.942183 -0.942183 0
845 -0.942183 -0.942183 0
846 -0.942183 -0.942183 0
847 -0.942183 -0.942183 0
848 -0.942183 -0.942183 0
849 -0.942183 -0.942183 0
850 -0.942183 -0.942183 0
851 -0.942183 -0.942183 0
852 -0.942183 -0.942183 0
853 -0.942183 -0.942183 0
854 -0.942183 -0.942183 0
855 -0.942183 -0.942183 0
856 -0.942183 -0.942183 0
857 -0.942183 -0.942183 0
858 -0.942183 -0.942183 0
859 -0.942183 -0.942183 0
860 -0.942183 -0.942183 0
861 -0.942183 -0.942183 0
862 -0.942183 -0.942183 0
863 -0.942183 -0.942183 0
864 -0.942183 -0.942183 0
865 -0.942183 -0.942183 0
866 -0.942183 -0.942183 0
867 -0.942183 -0.942183 0
868 -0.942183 -0.942183 0
869 -0.942183 -0.942183 0
870 -0.942183 -0.942183 0
871 -0.942183 -0.942183 0
872 -0.942183 -0.942183 0
873 -0.942183 -0.942183 0
874 -0.942183 -0.942183 0
875 -0.942183 -0.942183 0
876 -0.942183 -0.942183 0
877 -0.942183 -0.942183 0
878 -0.942183 -0.942183 0
879 -0.942183 -0.942183 0
880 -0.942183 -0.942183 0
881 -0.942183 -0.942183 0
882 -0.942183 -0.942183 0
883 -0.942183 -0.942183 0
884 -0.942183 -0.942183 0
885 -0.942183 -0.942183 0
886 -0.942183 -0.942183 0
887 -0.942183 -0.942183 0
888 -0.942183 -0.942183 0
889 -0.942183 -0.942183 0
890 -0.942183 -0.942183 0
891 -0.942183 -0.942183 0
892 -0.942183 -0.942183 0
893 -0.942183 -0.942183 0
894 -0.942183 -0.942183 0
895 -0.942183 -0.942183 0
896 -0.942183 -0.942183 0
897 -0.942183 -0.942183 0
898 -0.942183 -0.942183 0
899 -0.942183 -0.942183 0
900 -0.942183 -0.942183 0
901 -0.942183 -0.942183 0
902 -0.942183 -0.942183 0
903 -0.942183 -0.942183 0
904 -0.942183 -0.942183 0
905 -0.942183 -0.942183 0
906 -0.942183 -0.942183 0
907 -0.942183 -0.942183 0
908 -0.942183 -0.942183 0
909 -0.942183 -0.942183 0
910 -0.942183 -0.942183 0
911 -0.942183 -0.942183 0
912 -0.942183 -0.942183 0
913 -0.942183 -0.942183 0
914 -0.942183 -0.942183 0
915 -0.942183 -0.942183 0
916 -0.942183 -0.942183 0
917 -0.942183 -0.942183 0
918 -0.942183 -0.942183 0
919 -0.942183 -0.942183 0
920 -0.942183 -0.942183 0
921 -0.942183 -0.942183 0
922 -0.942183 -0.942183 0
923 -0.942183 -0.942183 0
924 -0.942183 -0.942183 0
925 -0.942183 -0.942183 0
926 -0.942183 -0.942183 0
927 -0.942183 -0.942183 0
928 -0.942183 -0.942183 0
929 -0.942183 -0.942183 0
930 -0.942183 -0.942183 0
931 -0.942183 -0.942183 0
932 -0.942183 -0.942183 0
933 -0.942183 -0.942183 0
934 -0.942183 -0.942183 0
935 -0.942183 -0.942183 0
936 -0.942183 -0.942183 0
937 -0.942183 -0.942183 0
938 -0.942183 -0.942183 0
939 -0.942183 -0.942183 0
940 -0.942183 -0.942183 0
941 -0.942183 -0.942183 0
942 -0.942183 -0.942183 0
943 -0.942183 -0.942183 0
944 -0.942183 -0.942183 0
945 -0.942183 -0.942183 0
946 -0.942183 -0.942183 0
947 -0.942183 -0.942183 0
948 -0.942183 -0.942183 0
949 -0.942183 -0.942183 0
950 -0.942183 -0.942183 0
951 -0.942183 -0.942183 0
952 -0.942183 -0.942183 0
953 -0.942183 -0.942183 0
954 -0.942183 -0.942183 0
955 -0.942183 -0.942183 0
956 -0.942183 -0.942183 0
957 -0.942183 -0.942183 0
958 -0.942183 -0.942183 0
959 -0.942183 -0.942183 0
960 -0.942183 -0.942183 0
961 -0.942183 -0.942183 0
962 -0.942183 -0.942183 0
963 -0.942183 -0.942183 0
964 -0.942183 -0.942183 0
965 -0.942183 -0.942183 0
966 -0.942183 -0.942183 0
967 -0.942183 -0.942183 0
968 -0.942183 -0.942183 0
969 -0.942183 -0.942183 0
970 -0.942183 -0.942183 0
971 -0.942183 -0.942183 0
972 -0.942183 -0.942183 0
973 -0.942183 -0.942183 0
974 -0.942183 -0.942183 0
975 -0.942183 -0.942183 0
976 -0.942183 -0.942183 0
977 -0.942183 -0.942183 0
978 -0.942183 -0.942183 0
979 -0.942183 -0.942183 0
980 -0.942183 -0.942183 0
981 -0.942183 -0.942183 0
982 -0.942183 -0.942183 0
983 -0.942183 -0.942183 0
984 -0.942183 -0.942183 0
985 -0.942183 -0.942183 0
986 -0.942183 -0.942183 0
987 -0.942183 -0.942183 0
988 -0.942183 -0.942183 0
989 -0.942183 -0.942183 0
990 -0.942183 -0.942183 0
991 -0.942183 -0.942183 0
992 -0.942183 -0.942183 0
993 -0.942183 -0.942183 0
994 -0.942183 -0.942183 0
995 -0.942183 -0.942183 0
996 -0.942183 -0.942183 0
997 -0.942183 -0.942183 0
998 -0.942183 -0.942183 0
999 -0.942183 -0.942183 0
1000 -0.942183 -0.942183 0
1001 -0.942183 -0.942183 0
1002 -0.942183 -0.942183 0
1003 -0.942183 -0.942183 0
1004 -0.942183 -0.942183 0
1005 -0.942183 -0.942183 0
1006 -0.942183 -0.942183 0
1007 -0.942183 -0.942183 0
1008 -0.942183 -0.942183 0
1009 -0.942183 -0.942183 0
1010 -0.942183 -0.942183 0
1011 -0.942183 -0.942183 0
1012 -0.942183 -0.942183 0
1013 -0.942183 -0.942183 0
1014 -0.942183 -0.942183 0
1015 -0.942183 -0.942183 0
1016 -0.942183 -0.942183 0
1017 -0.942183 -0.942183 0
1018 -0.942183 -0.942183 0
1019 -0.939198 -0.941586 0.00119405
1020 -0.939198 -0.941586 0.00119405
1021 -0.939198 -0.940989 0.0014624
1022 -0.939198 -0.939198 0
1023 -0.939198 -0.939198 0
1024 -0.938114 -0.938981 0.000433755
1025 -0.938114 -0.938548 0.000531239
1026 -0.938114 -0.938114 0
1027 -0.938114 -0.938114 0
1028 -0.938114 -0.938114 0
1029 -0.938114 -0.938114 0
1030 -0.938114 -0.938114 0
1031 -0.938114 -0.938114 0
1032 -0.938114 -0.938114 0
1033 -0.938114 -0.938114 0
1034 -0.938114 -0.938114 0
1035 -0.938114 -0.938114 0
1036 -0.938114 -0.938114 0
1037 -0.938114 -0.938114 0
1038 -0.938114 -0.938114 0
1039 -0.938114 -0.938114 0
1040 -0.938114 -0.938114 0
1041 -0.938114 -0.938114 0
1042 -0.938114 -0.938114 0
1043 -0.938114 -0.938114 0
1044 -0.938114 -0.938114 0
1045 -0.938114 -0.938114 0
1046 -0.938114 -0.938114 0
1047 -0.938114 -0.938114 0
1048 -0.938114 -0.938114 0
1049 -0.938114 -0.938114 0
1050 -0.938114 -0.938114 0
1051 -0.938114 -0.938114 0
1052 -0.938114 -0.938114 0
1053 -0.938114 -0.938114 0
1054 -0.938114 -0.938114 0
1055 -0.938114 -0.938114 0
1056 -0.938114 -0.938114 0
1057 -0.938114 -0.938114 0
1058 -0.938114 -0.938114 0
1059 -0.938114 -0.938114 0
1060 -0.938114 -0.938114 0
1061 -0.938114 -0.938114 0
1062 -0.938114 -0.938114 0
1063 -0.938114 -0.938114 0
1064 -0.938114 -0.938114 0
1065 -0.938114 -0.938114 0
1066 -0.938114 -0.938114 0
1067 -0.938114 -0.938114 0
1068 -0.938114 -0.938114 0
1069 -0.938114 -0.938114 0
1070 -0.938114 -0.938114 0
1071 -0.938114 -0.938114 0
1072 -0.938114 -0.938114 0
1073 -0.938114 -0.938114 0
1074 -0.938114 -0.938114 0
1075 -0.938114 -0.938114 0
1076 -0.938114 -0.938114 0
1077 -0.938114 -0.938114 0
1078 -0.938114 -0.938114 0
1079 -0.938114 -0.938114 0
1080 -0.938114 -0.938114 0
1081 -0.938114 -0.938114 0
1082 -0.938114 -0.938114 0
1083 -0.938114 -0.938114 0
1084 -0.938114 -0.938114 0
1085 -0.938114 -0.938114 0
1086 -0.938114 -0.938114 0
1087 -0.938114 -0.938114 0
1088 -0.938114 -0.938114 0
1089 -0.938114 -0.938114 0
1090 -0.902237 -0.930939 0.0143508
1091 -0.902237 -0.923763 0.017576
1092 -0.902237 -0.902237 0
1093 -0.902237 -0.902237 0
1094 -0.902237 -0.902237 0
1095 -0.902237 -0.902237 0
1096 -0.902237 -0.902237 0
1097 -0.902237 -0.902237 0
1098 -0.902237 -0.902237 0
1099 -0.902237 -0.902237 0
1100 -0.902237 -0.902237 0
1101 -0.902237 -0.902237 0
1102 -0.902237 -0.902237 0
1103 -0.902237 -0.902237 0
1104 -0.902237 -0.902237 0
1105 -0.902237 -0.902237 0
1106 -0.902237 -0.902237 0
1107 -0.710402 -0.86387 0.0767339
1108 -0.710402 -0.710402 0
1109 -0.710402 -0.710402 0
1110 -0.710402 -0.710402 0
1111 -0.710402 -0.710402 0
1112 -0.710402 -0.710402 0
1113 -0.710402 -0.710402 0
1114 -0.710402 -0.710402 0
1115 -0.710402 -0.710402 0
1116 -0.710402 -0.710402 0
1117 -0.710402 -0.710402 0
1118 -0.710402 -0.710402 0
1119 -0.710402 -0.710402 0
1120 -0.710402 -0.710402 0
1121 -0.710402 -0.710402 0
1122 -0.710402 -0.710402 0
1123 -0.710402 -0.710402 0
1124 -0.710402 -0.710402 0
1125 -0.710402 -0.710402 0
1126 -0.710402 -0.710402 0
1127 -0.710402 -0.710402 0
1128 -0.710402 -0.710402 0
1129 -0.710402 -0.710402 0
1130 -0.710402 -0.710402 0
1131 -0.710402 -0.710402 0
1132 -0.710402 -0.710402 0
1133 -0.710402 -0.710402 0
1134 -0.710402 -0.710402 0
1135 -0.710402 -0.710402 0
1136 -0.710402 -0.710402 0
1137 -0.710402 -0.710402 0
1138 -0.710402 -0.710402 0
1139 -0.710402 -0.710402 0
1140 -0.710402 -0.710402 0
1141 -0.710402 -0.710402 0
1142 -0.710402 -0.710402 0
1143 -0.710402 -0.710402 0
1144 -0.710402 -0.710402 0
1145 -0.710402 -0.710402 0
1146 -0.710402 -0.710402 0
1147 -0.710402 -0.710402 0
1148 -0.710402 -0.710402 0
1149 -0.710402 -0.710402 0
1150 -0.710402 -0.710402 0
1151 -0.710402 -0.710402 0
1152 -0.710402 -0.710402 0
1153 -0.710402 -0.710402 0
1154 -0.710402 -0.710402 0
1155 -0.710402 -0.710402 0
1156 -0.710402 -0.710402 0
1157 -0.710402 -0.710402 0
1158 -0.710402 -0.710402 0
1159 -0.710402 -0.710402 0
1160 -0.710402 -0.710402 0
1161 -0.710402 -0.710402 0
1162 -0.710402 -0.710402 0
1163 -0.710402 -0.710402 0
1164 -0.710402 -0.710402 0
1165 -0.710402 -0.710402 0
1166 -0.710402 -0.710402 0
1167 -0.710402 -0.710402 0
1168 -0.710402 -0.710402 0
1169 -0.710402 -0.710402 0
1170 -0.710402 -0.710402 0
1171 -0.710402 -0.710402 0
1172 -0.710402 -0.710402 0
1173 -0.710402 -0.710402 0
1174 -0.710402 -0.710402 0
1175 -0.710402 -0.710402 0
1176 -0.710402 -0.710402 0
1177 -0.710402 -0.710402 0
1178 -0.710402 -0.710402 0
1179 -0.710402 -0.710402 0
1180 -0.710402 -0.710402 0
1181 -0.710402 -0.710402 0
1182 -0.710402 -0.710402 0
1183 -0.710402 -0.710402 0
1184 -0.710402 -0.710402 0
1185 -0.710402 -0.710402 0
1186 -0.710402 -0.710402 0
1187 -0.710402 -0.710402 0
1188 -0.710402 -0.710402 0
1189 -0.710402 -0.710402 0
1190 -0.710402 -0.710402 0
1191 -0.710402 -0.710402 0
1192 -0.710402 -0.710402 0
1193 -0.710402 -0.710402 0
1194 -0.710402 -0.710402 0
1195 -0.710402 -0.710402 0
1196 -0.710402 -0.710402 0
1197 -0.710402 -0.710402 0
1198 -0.710402 -0.710402 0
1199 -0.710402 -0.710402 0
1200 -0.710402 -0.710402 0
1201 -0.710402 -0.710402 0
1202 -0.710402 -0.710402 0
1203 -0.710402 -0.710402 0
1204 -0.710402 -0.710402 0
1205 -0.710402 -0.710402 0
1206 -0.710402 -0.710402 0
1207 -0.710402 -0.710402 0
1208 -0.710402 -0.710402 0
1209 -0.710402 -0.710402 0
1210 -0.710402 -0.710402 0
1211 -0.710402 -0.710402 0
1212 -0.710402 -0.710402 0
1213 -0.710402 -0.710402 0
1214 -0.710402 -0.710402 0
1215 -0.710402 -0.710402 0
1216 -0.710402 -0.710402 0
1217 -0.710402 -0.710402 0
1218 -0.710402 -0.710402 0
1219 -0.710402 -0.710402 0
1220 -0.710402 -0.710402 0
1221 -0.710402 -0.710402 0
1222 -0.710402 -0.710402 0
1223 -0.710402 -0.710402 0
1224 -0.710402 -0.710402 0
1225 -0.710402 -0.710402 0
1226 -0.710402 -0.710402 0
1227 -0.710402 -0.710402 0
1228 -0.710402 -0.710402 0
1229 -0.710402 -0.710402 0
1230 -0.710402 -0.710402 0
1231 -0.710402 -0.710402 0
1232 -0.710402 -0.710402 0
1233 -0.710402 -0.710402 0
1234 -0.710402 -0.710402 0
1235 -0.710402 -0.710402 0
1236 -0.710402 -0.710402 0
1237 -0.710402 -0.710402 0
1238 -0.710402 -0.710402 0
1239 -0.710402 -0.710402 0
1240 -0.710402 -0.710402 0
1241 -0.710402 -0.710402 0
1242 -0.710402 -0.710402 0
1243 -0.710402 -0.710402 0
1244 -0.710402 -0.710402 0
1245 -0.710402 -0.710402 0
1246 -0.710402 -0.710402 0
1247 -0.710402 -0.710402 0
1248 -0.710402 -0.710402 0
1249 -0.710402 -0.710402 0
1250 -0.710402 -0.710402 0
1251 -0.710402 -0.710402 0
1252 -0.710402 -0.710402 0
1253 -0.710402 -0.710402 0
1254 -0.710402 -0.710402 0
1255 -0.710402 -0.710402 0
1256 -0.710402 -0.710402 0
1257 -0.710402 -0.710402 0
1258 -0.710402 -0.710402 0
1259 -0.710402 -0.710402 0
1260 -0.710402 -0.710402 0
1261 -0.710402 -0.710402 0
1262 -0.710402 -0.710402 0
1263 -0.710402 -0.710402 0
1264 -0.710402 -0.710402 0
1265 -0.710402 -0.710402 0
1266 -0.710402 -0.710402 0
1267 -0.710402 -0.710402 0
1268 -0.710402 -0.710402 0
1269 -0.710402 -0.710402 0
1270 -0.710402 -0.710402 0
1271 -0.710402 -0.710402 0
1272 -0.710402 -0.710402 0
1273 -0.710402 -0.710402 0
1274 -0.710402 -0.710402 0
1275 -0.710402 -0.710402 0
1276 -0.710402 -0.710402 0
1277 -0.710402 -0.710402 0
1278 -0.710402 -0.710402 0
1279 -0.710402 -0.710402 0
1280 -0.710402 -0.710402 0
1281 -0.710402 -0.710402 0
1282 -0.710402 -0.710402 0
1283 -0.710402 -0.710402 0
1284 -0.710402 -0.710402 0
1285 -0.710402 -0.710402 0
1286 -0.710402 -0.710402 0
1287 -0.710402 -0.710402 0
1288 -0.710402 -0.710402 0
1289 -0.710402 -0.710402 0
1290 -0.710402 -0.710402 0
1291 -0.710402 -0.710402 0
1292 -0.710402 -0.710402 0
1293 -0.710402 -0.710402 0
1294 -0.710402 -0.710402 0
1295 -0.710402 -0.710402 0
1296 -0.710402 -0.710402 0
1297 -0.710402 -0.710402 0
1298 -0.710402 -0.710402 0
1299 -0.710402 -0.710402 0
1300 -0.710402 -0.710402 0
1301 -0.710402 -0.710402 0
1302 -0.710402 -0.710402 0
1303 -0.710402 -0.710402 0
1304 -0.710402 -0.710402 0
1305 -0.710402 -0.710402 0
1306 -0.710402 -0.710402 0
1307 -0.710402 -0.710402 0
1308 -0.710402 -0.710402 0
1309 -0.710402 -0.710402 0
1310 -0.710402 -0.710402 0
1311 -0.710402 -0.710402 0
1312 -0.710402 -0.710402 0
1313 -0.710402 -0.710402 0
1314 -0.710402 -0.710402 0
1315 -0.710402 -0.710402 0
1316 -0.710402 -0.710402 0
1317 -0.710402 -0.710402 0
1318 -0.710402 -0.710402 0
1319 -0.710402 -0.710402 0
1320 -0.710402 -0.710402 0
1321 -0.710402 -0.710402 0
1322 -0.710402 -0.710402 0
1323 -0.710402 -0.710402 0
1324 -0.710402 -0.710402 0
1325 -0.710402 -0.710402 0
1326 -0.710402 -0.710402 0
1327 -0.710402 -0.710402 0
1328 -0.710402 -0.710402 0
1329 -0.710402 -0.710402 0
1330 -0.710402 -0.710402 0
1331 -0.710402 -0.710402 0
1332 -0.710402 -0.710402 0
1333 -0.710402 -0.710402 0
1334 -0.710402 -0.710402 0
1335 -0.710402 -0.710402 0
1336 -0.710402 -0.710402 0
1337 -0.710402 -0.710402 0
1338 -0.710402 -0.710402 0
1339 -0.710402 -0.710402 0
1340 -0.710402 -0.710402 0
1341 -0.710402 -0.710402 0
1342 -0.710402 -0.710402 0
1343 -0.710402 -0.710402 0
1344 -0.710402 -0.710402 0
1345 -0.710402 -0.710402 0
1346 -0.710402 -0.710402 0
1347 -0.710402 -0.710402 0
1348 -0.710402 -0.710402 0
1349 -0.710402 -0.710402 0
1350 -0.710402 -0.710402 0
1351 -0.710402 -0.710402 0
1352 -0.710402 -0.710402 0
1353 -0.710402 -0.710402 0
1354 -0.710402 -0.710402 0
1355 -0.710402 -0.710402 0
1356 -0.710402 -0.710402 0
1357 -0.710402 -0.710402 0
1358 -0.710402 -0.710402 0
1359 -0.710402 -0.710402 0
1360 -0.710402 -0.710402 0
1361 -0.710402 -0.710402 0
1362 -0.710402 -0.710402 0
1363 -0.710402 -0.710402 0
1364 -0.710402 -0.710402 0
1365 -0.710402 -0.710402 0
1366 -0.710402 -0.710402 0
1367 -0.710402 -0.710402 0
1368 -0.710402 -0.710402 0
1369 -0.710402 -0.710402 0
1370 -0.710402 -0.710402 0
1371 -0.710402 -0.710402 0
1372 -0.710402 -0.710402 0
1373 -0.710402 -0.710402 0
1374 -0.710402 -0.710402 0
1375 -0.710402 -0.710402 0
1376 -0.710402 -0.710402 0
1377 -0.710402 -0.710402 0
1378 -0.710402 -0.710402 0
1379 -0.710402 -0.710402 0
1380 -0.710402 -0.710402 0
1381 -0.710402 -0.710402 0
1382 -0.710402 -0.710402 0
1383 -0.710402 -0.710402 0
1384 -0.710402 -0.710402 0
1385 -0.710402 -0.710402 0
1386 -0.710402 -0.710402 0
1387 -0.710402 -0.710402 0
1388 -0.710402 -0.710402 0
1389 -0.710402 -0.710402 0
1390 -0.710402 -0.710402 0
1391 -0.710402 -0.710402 0
1392 -0.710402 -0.710402 0
1393 -0.710402 -0.710402 0
1394 -0.710402 -0.710402 0
1395 -0.710402 -0.710402 0
1396 -0.710402 -0.710402 0
1397 -0.710402 -0.710402 0
1398 -0.710402 -0.710402 0
1399 -0.710402 -0.710402 0
1400 -0.710402 -0.710402 0
1401 -0.710402 -0.710402 0
1402 -0.710402 -0.710402 0
1403 -0.710402 -0.710402 0
1404 -0.710402 -0.710402 0
1405 -0.710402 -0.710402 0
1406 -0.710402 -0.710402 0
1407 -0.710402 -0.710402 0
1408 -0.710402 -0.710402 0
1409 -0.710402 -0.710402 0
1410 -0.710402 -0.710402 0
1411 -0.710402 -0.710402 0
1412 -0.710402 -0.710402 0
1413 -0.710402 -0.710402 0
1414 -0.710402 -0.710402 0
1415 -0.710402 -0.710402 0
1416 -0.709966 -0.710315 0.000174475
1417 -0.709966 -0.710228 0.000213687
1418 -0.709966 -0.709966 0
1419 -0.709966 -0.709966 0
1420 -0.709966 -0.709966 0
1421 -0.709966 -0.709966 0
1422 -0.709966 -0.709966 0
1423 -0.709966 -0.709966 0
1424 -0.709966 -0.709966 0
1425 -0.709966 -0.709966 0
1426 -0.709966 -0.709966 0
1427 -0.709966 -0.709966 0
1428 -0.709966 -0.709966 0
1429 -0.709966 -0.709966 0
1430 -0.709966 -0.709966 0
1431 -0.709966 -0.709966 0
1432 -0.709966 -0.709966 0
1433 -0.709966 -0.709966 0
1434 -0.709966 -0.709966 0
1435 -0.709966 -0.709966 0
1436 -0.709966 -0.709966 0
1437 -0.709966 -0.709966 0
1438 -0.709966 -0.709966 0
1439 -0.709966 -0.709966 0
1440 -0.709966 -0.709966 0
1441 -0.709966 -0.709966 0
1442 -0.709966 -0.709966 0
1443 -0.709966 -0.709966 0
1444 -0.709966 -0.709966 0
1445 -0.709966 -0.709966 0
1446 -0.709966 -0.709966 0
1447 -0.709966 -0.709966 0
1448 -0.709966 -0.709966 0
1449 -0.709966 -0.709966 0
1450 -0.709966 -0.709966 0
1451 -0.709966 -0.709966 0
1452 -0.709966 -0.709966 0
1453 -0.709966 -0.709966 0
1454 -0.709966 -0.709966 0
1455 -0.709966 -0.709966 0
1456 -0.709966 -0.709966 0
1457 -0.709966 -0.709966 0
1458 -0.709966 -0.709966 0
1459 -0.709966 -0.709966 0
1460 -0.709966 -0.709966 0
1461 -0.709966 -0.709966 0
1462 -0.709966 -0.709966 0
1463 -0.709966 -0.709966 0
1464 -0.709966 -0.709966 0
1465 -0.709966 -0.709966 0
1466 -0.709966 -0.709966 0
1467 -0.709966 -0.709966 0
1468 -0.709966 -0.709966 0
1469 -0.709966 -0.709966 0
1470 -0.709966 -0.709966 0
1471 -0.709966 -0.709966 0
1472 -0.709966 -0.709966 0
1473 -0.709966 -0.709966 0
1474 -0.709966 -0.709966 0
1475 -0.709966 -0.709966 0
1476 -0.709966 -0.709966 0
1477 -0.709966 -0.709966 0
1478 -0.709966 -0.709966 0
1479 -0.709966 -0.709966 0
1480 -0.709966 -0.709966 0
1481 -0.709966 -0.709966 0
1482 -0.709966 -0.709966 0
1483 -0.709966 -0.709966 0
1484 -0.709966 -0.709966 0
1485 -0.709966 -0.709966 0
1486 -0.709966 -0.709966 0
1487 -0.709966 -0.709966 0
1488 -0.709945 -0.709962 8.65459e-06
1489 -0.709945 -0.709953 1.05997e-05
1490 -0.709945 -0.709945 0
1491 -0.709945 -0.709945 0
1492 -0.709945 -0.709945 0
1493 -0.709945 -0.709945 0
1494 -0.709945 -0.709945 0
1495 -0.709945 -0.709945 0
1496 -0.709945 -0.709945 0
1497 -0.709945 -0.709945 0
1498 -0.709945 -0.709945 0
1499 -0.709945 -0.709945 0
1500 -0.709945 -0.709945 0
1501 -0.709945 -0.709945 0
1502 -0.709945 -0.709945 0
1503 -0.709945 -0.709945 0
1504 -0.709945 -0.709945 0
1505 -0.709945 -0.709945 0
1506 -0.709945 -0.709945 0
1507 -0.709945 -0.709945 0
1508 -0.709945 -0.709945 0
1509 -0.709945 -0.709945 0
1510 -0.709945 -0.709945 0
1511 -0.709945 -0.709945 0
1512 -0.709945 -0.709945 0
1513 -0.709945 -0.709945 0
1514 -0.709945 -0.709945 0
1515 -0.709945 -0.709945 0
1516 -0.709945 -0.709945 0
1517 -0.709945 -0.709945 0
1518 -0.709945 -0.709945 0
1519 -0.709945 -0.709945 0
1520 -0.709945 -0.709945 0
1521 -0.709945 -0.709945 0
1522 -0.709945 -0.709945 0
1523 -0.709945 -0.709945 0
1524 -0.709945 -0.709945 0
1525 -0.709945 -0.709945 0
1526 -0.709945 -0.709945 0
1527 -0.709945 -0.709945 0
1528 -0.709945 -0.709945 0
1529 -0.709945 -0.709945 0
1530 -0.709945 -0.709945 0
1531 -0.709945 -0.709945 0
1532 -0.709945 -0.709945 0
1533 -0.709945 -0.709945 0
1534 -0.709945 -0.709945 0
1535 -0.709945 -0.709945 0
1536 -0.709945 -0.709945 0
1537 -0.709945 -0.709945 0
1538 -0.709945 -0.709945 0
1539 -0.709945 -0.709945 0
1540 -0.709945 -0.709945 0
1541 -0.709945 -0.709945 0
1542 -0.709945 -0.709945 0
1543 -0.709945 -0.709945 0
1544 -0.709945 -0.709945 0
1545 -0.709945 -0.709945 0
1546 -0.709945 -0.709945 0
1547 -0.709945 -0.709945 0
1548 -0.709945 -0.709945 0
1549 -0.709945 -0.709945 0
1550 -0.709945 -0.709945 0
1551 -0.709945 -0.709945 0
1552 -0.709945 -0.709945 0
1553 -0.709945 -0.709945 0
1554 -0.709945 -0.709945 0
1555 -0.709945 -0.709945 0
1556 -0.709945 -0.709945 0
1557 -0.709945 -0.709945 0
1558 -0.709945 -0.709945 0
1559 -0.709945 -0.709945 0
1560 -0.709945 -0.709945 0
1561 -0.709326 -0.709821 0.000247312
1562 -0.709326 -0.709326 0
1563 -0.709326 -0.709326 0
1564 -0.709326 -0.709326 0
1565 -0.709326 -0.709326 0
1566 -0.709326 -0.709326 0
1567 -0.709326 -0.709326 0
1568 -0.709326 -0.709326 0
1569 -0.709326 -0.709326 0
1570 -0.709326 -0.709326 0
1571 -0.709326 -0.709326 0
1572 -0.709326 -0.709326 0
1573 -0.709326 -0.709326 0
1574 -0.709326 -0.709326 0
1575 -0.709326 -0.709326 0
1576 -0.709326 -0.709326 0
1577 -0.709326 -0.709326 0
1578 -0.709326 -0.709326 0
1579 -0.709326 -0.709326 0
1580 -0.709326 -0.709326 0
1581 -0.709166 -0.709294 6.43253e-05
1582 -0.709166 -0.70923 7.87821e-05
1583 -0.709166 -0.709198 6.43253e-05
1584 -0.709166 -0.709166 0
1585 -0.709166 -0.709166 0
1586 -0.709166 -0.709166 0
1587 -0.709166 -0.709166 0
1588 -0.709166 -0.709166 0
1589 -0.709166 -0.709166 0
1590 -0.709166 -0.709166 0
1591 -0.709166 -0.709166 0
1592 -0.709166 -0.709166 0
1593 -0.709166 -0.709166 0
1594 -0.709166 -0.709166 0
1595 -0.709166 -0.709166 0
1596 -0.709166 -0.709166 0
1597 -0.709166 -0.709166 0
1598 -0.709166 -0.709166 0
1599 -0.709166 -0.709166 0
1600 -0.709166 -0.709166 0
1601 -0.709166 -0.709166 0
1602 -0.709166 -0.709166 0
1603 -0.709166 -0.709166 0
1604 -0.709166 -0.709166 0
1605 -0.709166 -0.709166 0
1606 -0.709166 -0.709166 0
1607 -0.709166 -0.709166 0
1608 -0.709166 -0.709166 0
1609 -0.709166 -0.709166 0
1610 -0.709166 -0.709166 0
1611 -0.709166 -0.709166 0
1612 -0.709166 -0.709166 0
1613 -0.709166 -0.709166 0
1614 -0.709166 -0.709166 0
1615 -0.709166 -0.709166 0
1616 -0.709166 -0.709166 0
1617 -0.709166 -0.709166 0
1618 -0.709166 -0.709166 0
1619 -0.709166 -0.709166 0
1620 -0.709166 -0.709166 0
1621 -0.709166 -0.709166 0
1622 -0.709166 -0.709166 0
1623 -0.709166 -0.709166 0
1624 -0.709166 -0.709166 0
1625 -0.709166 -0.709166 0
1626 -0.709166 -0.709166 0
1627 -0.709166 -0.709166 0
1628 -0.709166 -0.709166 0
1629 -0.709166 -0.709166 0
1630 -0.709166 -0.709166 0
1631 -0.709166 -0.709166 0
1632 -0.709166 -0.709166 0
1633 -0.709166 -0.709166 0
1634 -0.709166 -0.709166 0
1635 -0.709166 -0.709166 0
1636 -0.709166 -0.709166 0
1637 -0.709166 -0.709166 0
1638 -0.709166 -0.709166 0
1639 -0.709166 -0.709166 0
1640 -0.709166 -0.709166 0
1641 -0.709166 -0.709166 0
1642 -0.709166 -0.709166 0
1643 -0.709166 -0.709166 0
1644 -0.709166 -0.709166 0
1645 -0.709166 -0.709166 0
1646 -0.709166 -0.709166 0
1647 -0.709166 -0.709166 0
1648 -0.709166 -0.709166 0
1649 -0.709166 -0.709166 0
1650 -0.709166 -0.709166 0
1651 -0.709166 -0.709166 0
1652 -0.709166 -0.709166 0
1653 -0.709166 -0.709166 0
1654 -0.709166 -0.709166 0
1655 -0.709166 -0.709166 0
1656 -0.709166 -0.709166 0
1657 -0.709166 -0.709166 0
1658 -0.709166 -0.709166 0
1659 -0.709166 -0.709166 0
1660 -0.709166 -0.709166 0
1661 -0.709166 -0.709166 0
1662 -0.709166 -0.709166 0
1663 -0.709166 -0.709166 0
1664 -0.709166 -0.709166 0
1665 -0.709166 -0.709166 0
1666 -0.709166 -0.709166 0
1667 -0.709166 -0.709166 0
1668 -0.709166 -0.709166 0
1669 -0.709166 -0.709166 0
1670 -0.709166 -0.709166 0
1671 -0.709166 -0.709166 0
1672 -0.709166 -0.709166 0
1673 -0.709166 -0.709166 0
1674 -0.709166 -0.709166 0
1675 -0.709166 -0.709166 0
1676 -0.709166 -0.709166 0
1677 -0.709166 -0.709166 0
1678 -0.709166 -0.709166 0
1679 -0.709166 -0.709166 0
1680 -0.709166 -0.709166 0
1681 -0.709166 -0.709166 0
1682 -0.709166 -0.709166 0
1683 -0.709166 -0.709166 0
1684 -0.709166 -0.709166 0
1685 -0.709166 -0.709166 0
1686 -0.709166 -0.709166 0
1687 -0.709166 -0.709166 0
1688 -0.709166 -0.709166 0
1689 -0.709166 -0.709166 0
1690 -0.709166 -0.709166 0
1691 -0.709166 -0.709166 0
1692 -0.709166 -0.709166 0
1693 -0.709166 -0.709166 0
1694 -0.709166 -0.709166 0
1695 -0.709166 -0.709166 0
1696 -0.709166 -0.709166 0
1697 -0.709166 -0.709166 0
1698 -0.709166 -0.709166 0
1699 -0.709166 -0.709166 0
1700 -0.709166 -0.709166 0
1701 -0.709166 -0.709166 0
1702 -0.709166 -0.709166 0
1703 -0.709166 -0.709166 0
1704 -0.709166 -0.709166 0
1705 -0.709166 -0.709166 0
1706 -0.709166 -0.709166 0
1707 -0.709166 -0.709166 0
1708 -0.709166 -0.709166 0
1709 -0.709166 -0.709166 0
1710 -0.709166 -0.709166 0
1711 -0.709166 -0.709166 0
1712 -0.709166 -0.709166 0
1713 -0.709166 -0.709166 0
1714 -0.709166 -0.709166 0
1715 -0.709166 -0.709166 0
1716 -0.709166 -0.709166 0
1717 -0.709166 -0.709166 0
1718 -0.709166 -0.709166 0
1719 -0.709166 -0.709166 0
1720 -0.709166 -0.709166 0
1721 -0.709166 -0.709166 0
1722 -0.709166 -0.709166 0
1723 -0.709166 -0.709166 0
1724 -0.709166 -0.709166 0
1725 -0.709166 -0.709166 0
1726 -0.709166 -0.709166 0
1727 -0.709166 -0.709166 0
1728 -0.709166 -0.709166 0
1729 -0.709166 -0.709166 0
1730 -0.709166 -0.709166 0
1731 -0.709166 -0.709166 0
1732 -0.709166 -0.709166 0
1733 -0.709166 -0.709166 0
1734 -0.709166 -0.709166 0
1735 -0.709166 -0.709166 0
1736 -0.709166 -0.709166 0
1737 -0.709166 -0.709166 0
1738 -0.709166 -0.709166 0
1739 -0.709166 -0.709166 0
1740 -0.709166 -0.709166 0
1741 -0.709166 -0.709166 0
1742 -0.709166 -0.709166 0
1743 -0.709166 -0.709166 0
1744 -0.709166 -0.709166 0
1745 -0.709166 -0.709166 0
1746 -0.709166 -0.709166 0
1747 -0.709166 -0.709166 0
1748 -0.709166 -0.709166 0
1749 -0.709166 -0.709166 0
1750 -0.709166 -0.709166 0
1751 -0.709166 -0.709166 0
1752 -0.709166 -0.709166 0
1753 -0.709166 -0.709166 0
1754 -0.709166 -0.709166 0
1755 -0.709166 -0.709166 0
1756 -0.709166 -0.709166 0
1757 -0.709166 -0.709166 0
1758 -0.709166 -0.709166 0
1759 -0.709166 -0.709166 0
1760 -0.709166 -0.709166 0
1761 -0.709166 -0.709166 0
1762 -0.709166 -0.709166 0
1763 -0.709166 -0.709166 0
1764 -0.709166 -0.709166 0
1765 -0.709166 -0.709166 0
1766 -0.709166 -0.709166 0
1767 -0.709166 -0.709166 0
1768 -0.709166 -0.709166 0
1769 -0.709166 -0.709166 0
1770 -0.709166 -0.709166 0
1771 -0.709166 -0.709166 0
1772 -0.709166 -0.709166 0
1773 -0.709166 -0.709166 0
1774 -0.709166 -0.709166 0
1775 -0.709166 -0.709166 0
1776 -0.709166 -0.709166 0
1777 -0.709166 -0.709166 0
1778 -0.709166 -0.709166 0
1779 -0.709166 -0.709166 0
1780 -0.709166 -0.709166 0
1781 -0.709166 -0.709166 0
1782 -0.709166 -0.709166 0
1783 -0.709166 -0.709166 0
1784 -0.709166 -0.709166 0
1785 -0.709166 -0.709166 0
1786 -0.709166 -0.709166 0
1787 -0.709166 -0.709166 0
1788 -0.709166 -0.709166 0
1789 -0.709166 -0.709166 0
1790 -0.709166 -0.709166 0
1791 -0.709166 -0.709166 0
1792 -0.709166 -0.709166 0
1793 -0.709166 -0.709166 0
1794 -0.709166 -0.709166 0
1795 -0.709166 -0.709166 0
1796 -0.709166 -0.709166 0
1797 -0.709166 -0.709166 0
1798 -0.709166 -0.709166 0
1799 -0.709166 -0.709166 0
1800 -0.709166 -0.709166 0
1801 -0.709166 -0.709166 0
1802 -0.709166 -0.709166 0
1803 -0.709166 -0.709166 0
1804 -0.709166 -0.709166 0
1805 -0.709166 -0.709166 0
1806 -0.709166 -0.709166 0
1807 -0.709166 -0.709166 0
1808 -0.709166 -0.709166 0
1809 -0.709166 -0.709166 0
1810 -0.709166 -0.709166 0
1811 -0.709166 -0.709166 0
1812 -0.709166 -0.709166 0
1813 -0.709166 -0.709166 0
1814 -0.709166 -0.709166 0
1815 -0.709166 -0.709166 0
1816 -0.709166 -0.709166 0
1817 -0.709166 -0.709166 0
1818 -0.709166 -0.709166 0
1819 -0.709166 -0.709166 0
1820 -0.709166 -0.709166 0
1821 -0.709166 -0.709166 0
1822 -0.709166 -0.709166 0
1823 -0.709166 -0.709166 0
1824 -0.709166 -0.709166 0
1825 -0.709166 -0.709166 0
1826 -0.708672 -0.709067 0.000197411
1827 -0.708672 -0.708968 0.000241778
1828 -0.708672 -0.708869 0.000241778
1829 -0.708672 -0.708672 0
1830 -0.708672 -0.708672 0
1831 -0.708672 -0.708672 0
1832 -0.708672 -0.708672 0
1833 -0.708672 -0.708672 0
1834 -0.708672 -0.708672 0
1835 -0.708672 -0.708672 0
1836 -0.708672 -0.708672 0
1837 -0.708672 -0.708672 0
1838 -0.708672 -0.708672 0
1839 -0.708672 -0.708672 0
1840 -0.708672 -0.708672 0
1841 -0.708672 -0.708672 0
1842 -0.708672 -0.708672 0
1843 -0.708672 -0.708672 0
1844 -0.708672 -0.708672 0
1845 -0.708672 -0.708672 0
1846 -0.708672 -0.708672 0
1847 -0.708672 -0.708672 0
1848 -0.708672 -0.708672 0
1849 -0.708672 -0.708672 0
1850 -0.708672 -0.708672 0
1851 -0.708672 -0.708672 0
1852 -0.708672 -0.708672 0
1853 -0.708672 -0.708672 0
1854 -0.708672 -0.708672 0
1855 -0.708672 -0.708672 0
1856 -0.708672 -0.708672 0
1857 -0.708672 -0.708672 0
1858 -0.708672 -0.708672 0
1859 -0.708672 -0.708672 0
1860 -0.708672 -0.708672 0
1861 -0.708672 -0.708672 0
1862 -0.708672 -0.708672 0
1863 -0.708672 -0.708672 0
1864 -0.708672 -0.708672 0
1865 -0.708672 -0.708672 0
1866 -0.708672 -0.708672 0
1867 -0.708672 -0.708672 0
1868 -0.708672 -0.708672 0
1869 -0.708672 -0.708672 0
1870 -0.708672 -0.708672 0
1871 -0.708672 -0.708672 0
1872 -0.708672 -0.708672 0
1873 -0.708672 -0.708672 0
1874 -0.708672 -0.708672 0
1875 -0.708672 -0.708672 0
1876 -0.708672 -0.708672 0
1877 -0.708672 -0.708672 0
1878 -0.708672 -0.708672 0
1879 -0.708672 -0.708672 0
1880 -0.708672 -0.708672 0
1881 -0.708672 -0.708672 0
1882 -0.708672 -0.708672 0
1883 -0.708672 -0.708672 0
1884 -0.708672 -0.708672 0
1885 -0.708672 -0.708672 0
1886 -0.708672 -0.708672 0
1887 -0.708672 -0.708672 0
1888 -0.708672 -0.708672 0
1889 -0.708672 -0.708672 0
1890 -0.708672 -0.708672 0
1891 -0.708672 -0.708672 0
1892 -0.708672 -0.708672 0
1893 -0.708672 -0.708672 0
1894 -0.708672 -0.708672 0
1895 -0.706304 -0.708198 0.000947285
1896 -0.706304 -0.707725 0.00116018
1897 -0.706304 -0.706304 0
1898 -0.706304 -0.706304 0
1899 -0.706304 -0.706304 0
1900 -0.706304 -0.706304 0
1901 -0.706304 -0.706304 0
1902 -0.706304 -0.706304 0
1903 -0.706304 -0.706304 0
1904 -0.706304 -0.706304 0
1905 -0.706304 -0.706304 0
1906 -0.706304 -0.706304 0
1907 -0.706304 -0.706304 0
1908 -0.706304 -0.706304 0
1909 -0.706304 -0.706304 0
1910 -0.706304 -0.706304 0
1911 -0.706304 -0.706304 0
1912 -0.706304 -0.706304 0
1913 -0.706304 -0.706304 0
1914 -0.706304 -0.706304 0
1915 -0.706304 -0.706304 0
1916 -0.706304 -0.706304 0
1917 -0.706304 -0.706304 0
1918 -0.706304 -0.706304 0
1919 -0.706304 -0.706304 0
1920 -0.706304 -0.706304 0
1921 -0.706304 -0.706304 0
1922 -0.706304 -0.706304 0
1923 -0.706304 -0.706304 0
1924 -0.706304 -0.706304 0
1925 -0.706304 -0.706304 0
1926 -0.706304 -0.706304 0
1927 -0.706304 -0.706304 0
1928 -0.706304 -0.706304 0
1929 -0.706304 -0.706304 0
1930 -0.706304 -0.706304 0
1931 -0.706304 -0.706304 0
1932 -0.706304 -0.706304 0
1933 -0.706304 -0.706304 0
1934 -0.706304 -0.706304 0
1935 -0.706304 -0.706304 0
1936 -0.706304 -0.706304 0
1937 -0.706304 -0.706304 0
1938 -0.706304 -0.706304 0
1939 -0.706304 -0.706304 0
1940 -0.706304 -0.706304 0
1941 -0.706304 -0.706304 0
1942 -0.706304 -0.706304 0
1943 -0.706304 -0.706304 0
1944 -0.706304 -0.706304 0
1945 -0.706304 -0.706304 0
1946 -0.706304 -0.706304 0
1947 -0.706304 -0.706304 0
1948 -0.706304 -0.706304 0
1949 -0.706304 -0.706304 0
1950 -0.706304 -0.706304 0
1951 -0.706304 -0.706304 0
1952 -0.706304 -0.706304 0
1953 -0.706304 -0.706304 0
1954 -0.706304 -0.706304 0
1955 -0.706304 -0.706304 0
1956 -0.706304 -0.706304 0
1957 -0.706304 -0.706304 0
1958 -0.706304 -0.706304 0
1959 -0.706304 -0.706304 0
1960 -0.706304 -0.706304 0
1961 -0.706304 -0.706304 0
1962 -0.706304 -0.706304 0
1963 -0.706304 -0.706304 0
1964 -0.706304 -0.706304 0
1965 -0.706304 -0.706304 0
1966 -0.706304 -0.706304 0
1967 -0.706304 -0.706304 0
1968 -0.706304 -0.706304 0
1969 -0.706304 -0.706304 0
1970 -0.706304 -0.706304 0
1971 -0.706304 -0.706304 0
1972 -0.706304 -0.706304 0
1973 -0.706304 -0.706304 0
1974 -0.706304 -0.706304 0
1975 -0.706304 -0.706304 0
1976 -0.706304 -0.706304 0
1977 -0.706304 -0.706304 0
1978 -0.706304 -0.706304 0
1979 -0.706304 -0.706304 0
1980 -0.706304 -0.706304 0
1981 -0.706304 -0.706304 0
1982 -0.706304 -0.706304 0
1983 -0.706304 -0.706304 0
1984 -0.706304 -0.706304 0
1985 -0.706304 -0.706304 0
1986 -0.706304 -0.706304 0
1987 -0.706304 -0.706304 0
1988 -0.706304 -0.706304 0
1989 -0.706304 -0.706304 0
1990 -0.706304 -0.706304 0
1991 -0.706304 -0.706304 0
1992 -0.706304 -0.706304 0
1993 -0.706304 -0.706304 0
1994 -0.706304 -0.706304 0
1995 -0.706304 -0.706304 0
1996 -0.706304 -0.706304 0
1997 -0.706304 -0.706304 0
1998 -0.706304 -0.706304 0
