1 -10000 -10000 0
2 -10000 -10000 0
3 -10000 -10000 0
4 -10000 -10000 0
5 -10000 -10000 0
6 -10000 -10000 0
7 -10000 -10000 0
8 -10000 -10000 0
9 -10000 -10000 0
10 -10000 -10000 0
11 -10000 -10000 0
12 -10000 -10000 0
13 -10000 -10000 0
14 -10000 -10000 0
15 -10000 -10000 0
16 -10000 -10000 0
17 -10000 -10000 0
18 -10000 -10000 0
19 -10000 -10000 0
20 -10000 -10000 0
21 -10000 -10000 0
22 -10000 -10000 0
23 -10000 -10000 0
24 -10000 -10000 0
25 -10000 -10000 0
26 -10000 -10000 0
27 -10000 -10000 0
28 -10000 -10000 0
29 -10000 -10000 0
30 -10000 -10000 0
31 -10000 -10000 0
32 -10000 -10000 0
33 -10000 -10000 0
34 -10000 -10000 0
35 -10000 -10000 0
36 -10000 -10000 0
37 -10000 -10000 0
38 3.7041 -7999.26 4001.48
39 3.7041 -7999.26 4001.48
40 3.7041 -7999.26 4001.48
41 3.7041 -5999 4900.2
42 4.01257 -3998.2 4900.45
43 4.01257 -3998.2 4900.45
44 4.01257 -3998.2 4900.45
45 4.01257 -3998.2 4900.45
46 4.01257 -3998.2 4900.45
47 4.01257 -1997.91 4001.05
48 4.01257 2.79873 1.17756
49 4.01257 3.2022 0.904163
50 4.01257 3.52445 0.325687
51 4.01257 3.52445 0.325687
52 4.01257 3.52445 0.325687
53 4.01257 3.52445 0.325687
54 4.01257 3.52445 0.325687
55 4.01257 3.52445 0.325687
56 4.01257 3.52445 0.325687
57 4.01257 3.52445 0.325687
58 4.01257 3.52445 0.325687
59 4.01257 3.52445 0.325687
60 4.01257 3.52445 0.325687
61 4.01257 3.52445 0.325687
62 4.01257 3.52445 0.325687
63 4.01257 3.56019 0.279909
64 4.01257 3.56019 0.279909
65 4.64565 3.84056 0.464069
66 4.64565 3.84056 0.464069
67 4.64565 3.84056 0.464069
68 4.64565 3.84056 0.464069
69 4.64565 3.84056 0.464069
70 4.64565 3.84056 0.464069
71 4.64565 3.84056 0.464069
72 4.64565 3.84056 0.464069
73 4.64565 3.84056 0.464069
74 4.64565 3.84056 0.464069
75 4.64565 3.84056 0.464069
76 4.64565 3.84056 0.464069
77 4.64565 3.84056 0.464069
78 4.64565 3.84056 0.464069
79 4.64565 3.84056 0.464069
80 4.64565 3.84056 0.464069
81 4.64565 3.84056 0.464069
82 4.64565 3.84056 0.464069
83 4.64565 3.84056 0.464069
84 4.64565 3.84056 0.464069
85 4.64565 3.84056 0.464069
86 4.64565 3.84056 0.464069
87 4.64565 3.84056 0.464069
88 4.64565 3.84056 0.464069
89 4.64565 3.89915 0.407679
90 4.64565 3.89915 0.407679
91 4.64565 3.89915 0.407679
92 4.64565 3.89915 0.407679
93 4.64565 3.89915 0.407679
94 4.64565 3.89915 0.407679
95 4.64565 3.90253 0.404712
96 4.64565 3.90253 0.404712
97 4.64565 3.90253 0.404712
98 4.64565 3.90253 0.404712
99 4.64565 3.92722 0.386008
100 4.64565 3.92722 0.386008
