1 -141.323 -8028.26 3943.47
2 -141.323 -6056.53 4829.75
3 -141.323 -141.323 5.6766e-05
4 -141.323 -141.323 3.42559e-05
5 -141.323 -141.323 3.42559e-05
6 -141.323 -141.323 1.77947e-05
7 -141.323 -141.323 1.5561e-05
8 -141.323 -141.323 1.36479e-05
9 -141.323 -141.323 1.14186e-05
10 -141.323 -141.323 7.47525e-06
11 -141.323 -141.323 6.10352e-06
12 -141.323 -141.323 6.10352e-06
13 -141.323 -141.323 6.10352e-06
14 -141.323 -141.323 7.47525e-06
15 -141.323 -141.323 7.47525e-06
16 -141.323 -141.323 7.47525e-06
17 -141.323 -141.323 7.47525e-06
18 -141.323 -141.323 1.49505e-05
19 -141.323 -141.323 1.49505e-05
20 -141.323 -141.323 1.49505e-05
21 -141.323 -141.323 1.49505e-05
22 -141.323 -141.323 1.2207e-05
23 -141.323 -141.323 1.14186e-05
24 -141.323 -141.323 1.14186e-05
25 -141.323 -141.323 1.14186e-05
26 -141.323 -141.323 1.14186e-05
27 -141.323 -141.323 1.14186e-05
28 -141.323 -141.323 1.2207e-05
29 -141.323 -141.323 1.2207e-05
30 -141.323 -141.323 1.2207e-05
31 -141.323 -141.323 1.2207e-05
32 -141.323 -141.323 1.2207e-05
33 -141.323 -141.323 1.14186e-05
34 -141.323 -141.323 9.65051e-06
35 -141.323 -141.323 9.65051e-06
36 -141.323 -141.323 9.65051e-06
37 -141.323 -141.323 6.10352e-06
38 -141.323 -141.323 7.47525e-06
39 -141.323 -141.323 1.14186e-05
40 -141.323 -141.323 7.47525e-06
41 -141.323 -141.323 7.47525e-06
42 -141.323 -141.323 7.47525e-06
43 -141.323 -141.323 7.47525e-06
44 -141.323 -141.323 7.47525e-06
45 -141.323 -141.323 7.47525e-06
46 -141.323 -141.323 7.47525e-06
47 -141.323 -141.323 7.47525e-06
48 -141.323 -141.323 7.47525e-06
49 -141.323 -141.323 7.47525e-06
50 -141.323 -141.323 7.47525e-06
51 -141.323 -141.323 7.47525e-06
52 -141.323 -141.323 7.47525e-06
53 -141.323 -141.323 7.47525e-06
54 -141.323 -141.323 7.47525e-06
55 -141.323 -141.323 7.47525e-06
56 -141.323 -141.323 7.47525e-06
57 -141.323 -141.323 6.10352e-06
58 -141.323 -141.323 0
59 -141.323 -141.323 0
60 -141.323 -141.323 0
61 -141.323 -141.323 0
62 -141.323 -141.323 0
63 -141.323 -141.323 0
64 -141.323 -141.323 0
65 -141.323 -141.323 0
66 -141.323 -141.323 0
67 -141.323 -141.323 0
68 -141.323 -141.323 0
69 -141.323 -141.323 0
70 -141.323 -141.323 0
71 -141.323 -141.323 0
72 -141.323 -141.323 0
73 -141.323 -141.323 0
74 -141.323 -141.323 0
75 -141.323 -141.323 6.10352e-06
76 -141.323 -141.323 6.10352e-06
77 -141.323 -141.323 6.10352e-06
78 -141.323 -141.323 6.10352e-06
79 -141.323 -141.323 6.10352e-06
80 -141.323 -141.323 6.10352e-06
81 -141.323 -141.323 6.10352e-06
82 -141.323 -141.323 6.10352e-06
83 -141.323 -141.323 6.10352e-06
84 -141.323 -141.323 6.10352e-06
85 -141.323 -141.323 1.2207e-05
86 -141.323 -141.323 1.14186e-05
87 -141.323 -141.323 1.14186e-05
88 -141.323 -141.323 7.47525e-06
89 -141.323 -141.323 7.47525e-06
90 -141.323 -141.323 7.47525e-06
91 -141.323 -141.323 6.10352e-06
92 -141.323 -141.323 6.10352e-06
93 -141.323 -141.323 6.10352e-06
94 -141.323 -141.323 6.10352e-06
95 -141.323 -141.323 6.10352e-06
96 -141.323 -141.323 0
97 -141.323 -141.323 0
98 -141.323 -141.323 0
99 -141.323 -141.323 0
100 -141.323 -141.323 0
