1 -0.140234 -8000.03 3999.94
2 -0.140174 -6000.06 4898.91
3 -0.14012 -4000.08 4898.91
4 -0.14012 -2000.11 3999.94
5 -0.14012 -0.140185 4.80213e-05
6 -0.140102 -0.140123 1.61104e-05
7 -0.140089 -0.140104 1.21774e-05
8 -0.140014 -0.140079 3.28429e-05
9 -0.139999 -0.140039 4.29601e-05
10 -0.139999 -0.140018 2.72761e-05
11 -0.139999 -0.140018 2.72761e-05
12 -0.139986 -0.140001 9.57884e-06
13 -0.139986 -0.140001 9.57884e-06
14 -0.139986 -0.140001 9.57884e-06
15 -0.139986 -0.139994 6.65423e-06
16 -0.139986 -0.139994 6.65423e-06
17 -0.139986 -0.139994 6.65423e-06
18 -0.139986 -0.139994 6.65423e-06
19 -0.139986 -0.139994 6.65423e-06
20 -0.139986 -0.139994 6.65423e-06
21 -0.139986 -0.139994 6.65423e-06
22 -0.139986 -0.139994 6.65423e-06
23 -0.139986 -0.139993 5.98933e-06
24 -0.139986 -0.139992 5.04895e-06
25 -0.139986 -0.139991 4.11604e-06
26 -0.139986 -0.139991 4.11604e-06
27 -0.139986 -0.139991 4.11604e-06
28 -0.139985 -0.139989 4.07623e-06
29 -0.139985 -0.139989 4.07623e-06
30 -0.139985 -0.139989 4.07623e-06
31 -0.139985 -0.139989 4.07623e-06
32 -0.139985 -0.139989 4.07623e-06
33 -0.139985 -0.139988 3.47729e-06
34 -0.139985 -0.139988 3.47729e-06
35 -0.139985 -0.139988 3.47729e-06
36 -0.139985 -0.139988 3.47729e-06
37 -0.139985 -0.139988 3.47729e-06
38 -0.139985 -0.139988 3.47729e-06
39 -0.139985 -0.139988 3.47729e-06
40 -0.139985 -0.139987 2.72016e-06
41 -0.139985 -0.139987 2.72016e-06
42 -0.139984 -0.139985 7.06912e-07
43 -0.139984 -0.139985 5.8443e-07
44 -0.139984 -0.139985 5.13466e-07
45 -0.139984 -0.139985 5.13466e-07
46 -0.139984 -0.139985 5.13466e-07
47 -0.139984 -0.139985 5.13466e-07
48 -0.139984 -0.139985 2.75667e-07
49 -0.139984 -0.139985 2.75667e-07
50 -0.139984 -0.139985 2.75667e-07
51 -0.139984 -0.139985 2.75667e-07
52 -0.139984 -0.139985 2.75667e-07
53 -0.139984 -0.139985 2.39645e-07
54 -0.139984 -0.139985 2.39645e-07
55 -0.139984 -0.139985 2.39645e-07
56 -0.139984 -0.139985 2.39645e-07
57 -0.139984 -0.139985 2.39645e-07
58 -0.139984 -0.139985 2.39645e-07
59 -0.139983 -0.139984 4.89974e-07
60 -0.13998 -0.139983 1.67173e-06
61 -0.13998 -0.139983 1.67173e-06
62 -0.13998 -0.139983 1.67173e-06
63 -0.13998 -0.139983 1.56284e-06
64 -0.13998 -0.139983 1.56284e-06
65 -0.13998 -0.139983 1.56284e-06
66 -0.13998 -0.139983 1.40923e-06
67 -0.13998 -0.139983 1.40923e-06
68 -0.13998 -0.139983 1.40923e-06
69 -0.13998 -0.139983 1.40923e-06
70 -0.13998 -0.139983 1.40923e-06
71 -0.13998 -0.139983 1.40923e-06
72 -0.13998 -0.139983 1.40923e-06
73 -0.13998 -0.139983 1.40923e-06
74 -0.13998 -0.139983 1.40923e-06
75 -0.13998 -0.139983 1.40923e-06
76 -0.13998 -0.139983 1.40923e-06
77 -0.13998 -0.139983 1.40923e-06
78 -0.13998 -0.139983 1.40923e-06
79 -0.13998 -0.139983 1.40923e-06
80 -0.13998 -0.139983 1.40923e-06
81 -0.13998 -0.139983 1.40923e-06
82 -0.13998 -0.139983 1.30834e-06
83 -0.13998 -0.139983 1.30834e-06
84 -0.13998 -0.139983 1.30834e-06
85 -0.13998 -0.139983 1.30834e-06
86 -0.13998 -0.139983 1.30834e-06
87 -0.13998 -0.139983 1.30834e-06
88 -0.139941 -0.139971 1.60452e-05
89 -0.139941 -0.139971 1.60452e-05
90 -0.139941 -0.139968 1.48639e-05
91 -0.139941 -0.13996 1.59097e-05
92 -0.139941 -0.13996 1.59097e-05
93 -0.139941 -0.13996 1.59097e-05
94 -0.139941 -0.13996 1.59097e-05
95 -0.139941 -0.139959 1.53097e-05
96 -0.139941 -0.139958 1.34477e-05
97 -0.139941 -0.139958 1.34477e-05
98 -0.139941 -0.139957 1.2974e-05
99 -0.139941 -0.139953 1.18552e-05
100 -0.139941 -0.139948 9.62393e-06
