1 -10000 -10000 0
2 -10000 -10000 0
3 -10000 -10000 0
4 -10000 -10000 0
5 -10000 -10000 0
6 -10000 -10000 0
7 -10000 -10000 0
8 -10000 -10000 0
9 -10000 -10000 0
10 -10000 -10000 0
11 -10000 -10000 0
12 -10000 -10000 0
13 -10000 -10000 0
14 -10000 -10000 0
15 -10000 -10000 0
16 -10000 -10000 0
17 -10000 -10000 0
18 -10000 -10000 0
19 -2.78238 -8000.56 3998.89
20 -2.78238 -8000.56 3998.89
21 -2.78238 -8000.56 3998.89
22 -2.78238 -8000.56 3998.89
23 -2.78238 -8000.56 3998.89
24 -2.78238 -8000.56 3998.89
25 -2.78238 -8000.56 3998.89
26 -2.78238 -8000.56 3998.89
27 -2.78238 -8000.56 3998.89
28 -2.78238 -8000.56 3998.89
29 -2.78238 -8000.56 3998.89
30 -2.78238 -8000.56 3998.89
31 -2.78238 -8000.56 3998.89
32 -2.78238 -8000.56 3998.89
33 -2.78238 -8000.56 3998.89
34 -2.78238 -8000.56 3998.89
35 -2.78238 -8000.56 3998.89
36 -2.78238 -8000.56 3998.89
37 -2.78238 -8000.56 3998.89
38 -2.78238 -8000.56 3998.89
39 -2.78238 -8000.56 3998.89
40 -2.78238 -8000.56 3998.89
41 -2.78238 -8000.56 3998.89
42 -2.78238 -8000.56 3998.89
43 -2.78238 -8000.56 3998.89
44 -2.78238 -8000.56 3998.89
45 -2.78238 -8000.56 3998.89
46 -2.78238 -8000.56 3998.89
47 -2.78238 -8000.56 3998.89
48 -2.78238 -8000.56 3998.89
49 -2.78238 -8000.56 3998.89
50 -2.78238 -8000.56 3998.89
51 -2.78238 -8000.56 3998.89
52 -2.78238 -8000.56 3998.89
53 -2.78238 -8000.56 3998.89
54 -2.78238 -8000.56 3998.89
55 -2.78238 -8000.56 3998.89
56 -2.78238 -8000.56 3998.89
57 -2.78238 -8000.56 3998.89
58 -2.78238 -8000.56 3998.89
59 -2.78238 -8000.56 3998.89
60 -2.78238 -8000.56 3998.89
61 -2.78238 -8000.56 3998.89
62 -2.78238 -8000.56 3998.89
63 -2.78238 -8000.56 3998.89
64 -2.78238 -8000.56 3998.89
65 -2.78238 -8000.56 3998.89
66 -2.78238 -8000.56 3998.89
67 -2.78238 -8000.56 3998.89
68 -2.78238 -8000.56 3998.89
69 -2.78238 -8000.56 3998.89
70 -2.78238 -8000.56 3998.89
71 -2.78238 -8000.56 3998.89
72 -2.78238 -8000.56 3998.89
73 -2.78238 -8000.56 3998.89
74 -2.78238 -8000.56 3998.89
75 -2.43032 -6001.04 4897.7
76 -2.43032 -6001.04 4897.7
77 -2.43032 -6001.04 4897.7
78 -2.43032 -6001.04 4897.7
79 -2.43032 -6001.04 4897.7
80 -2.43032 -6001.04 4897.7
81 -2.43032 -6001.04 4897.7
82 -2.43032 -6001.04 4897.7
83 -2.43032 -6001.04 4897.7
84 -2.43032 -6001.04 4897.7
85 -2.43032 -6001.04 4897.7
86 -2.43032 -6001.04 4897.7
87 -2.43032 -6001.04 4897.7
88 -2.43032 -6001.04 4897.7
89 -2.43032 -6001.04 4897.7
90 -2.43032 -6001.04 4897.7
91 -2.43032 -6001.04 4897.7
92 -2.43032 -6001.04 4897.7
93 -2.43032 -6001.04 4897.7
94 -2.43032 -6001.04 4897.7
95 -2.43032 -6001.04 4897.7
96 -2.43032 -6001.04 4897.7
97 -2.43032 -6001.04 4897.7
98 -2.43032 -6001.04 4897.7
99 -2.43032 -6001.04 4897.7
100 -2.43032 -6001.04 4897.7
