1 -1.43223 -1.43235 0.000105732
2 -1.43208 -1.43223 7.97944e-05
3 -1.43208 -1.43218 7.27057e-05
4 -1.43196 -1.43208 7.90682e-05
5 -1.43185 -1.432 8.84787e-05
6 -1.43185 -1.43196 9.18578e-05
7 -1.4313 -1.43176 0.000226633
8 -1.4313 -1.43174 0.000219431
9 -1.4313 -1.43171 0.000201574
10 -1.4313 -1.43163 0.000184551
11 -1.4313 -1.43159 0.000165523
12 -1.4313 -1.43152 0.000125759
13 -1.4313 -1.43147 9.72587e-05
14 -1.4313 -1.43146 8.76347e-05
15 -1.4313 -1.43145 7.87418e-05
16 -1.4313 -1.43144 7.29506e-05
17 -1.4313 -1.43141 7.04826e-05
18 -1.4313 -1.43139 5.72904e-05
19 -1.4313 -1.43139 5.72904e-05
20 -1.4313 -1.43139 5.72904e-05
21 -1.43105 -1.43131 0.000135725
22 -1.43105 -1.43131 0.000135725
23 -1.43105 -1.43128 0.000120851
24 -1.43014 -1.43103 0.000457921
25 -1.43014 -1.43093 0.000429698
26 -1.43014 -1.43093 0.000429698
27 -1.43014 -1.43084 0.000387464
28 -1.43014 -1.43075 0.000315666
29 -1.43014 -1.4307 0.00028377
30 -1.43014 -1.4307 0.00028377
31 -1.43014 -1.4307 0.00027944
32 -1.43014 -1.43069 0.000276952
33 -1.43014 -1.43068 0.000271742
34 -1.43014 -1.43068 0.000270928
35 -1.43014 -1.43068 0.000269257
36 -1.43014 -1.43067 0.000266246
37 -1.43014 -1.43067 0.000266246
38 -1.43014 -1.43056 0.000281132
39 -1.43014 -1.43049 0.000257411
40 -1.42895 -1.42999 0.000532372
41 -1.42895 -1.42999 0.000532372
42 -1.42895 -1.42952 0.000511495
43 -1.42895 -1.42952 0.000511495
44 -1.42895 -1.42952 0.000511495
45 -1.4289 -1.42928 0.00045867
46 -1.4289 -1.42912 0.000216679
47 -1.4289 -1.4291 0.000190343
48 -1.4289 -1.42903 0.000150158
49 -1.42873 -1.42891 0.000101317
50 -1.42873 -1.42891 0.000101317
51 -1.42873 -1.42891 0.000101317
52 -1.42873 -1.42891 0.000101317
53 -1.42755 -1.42854 0.000510315
54 -1.42755 -1.42854 0.000510315
55 -1.42755 -1.42854 0.000510315
56 -1.42755 -1.42842 0.000468255
57 -1.42755 -1.42823 0.000348766
58 -1.42755 -1.42823 0.000348766
59 -1.42755 -1.42823 0.000348766
60 -1.42755 -1.42804 0.000385971
61 -1.42755 -1.42804 0.000385971
62 -1.42755 -1.42804 0.000385971
63 -1.42755 -1.42796 0.000350128
64 -1.42755 -1.4278 0.000304397
65 -1.42755 -1.42765 0.000151376
66 -1.42755 -1.42761 6.92701e-05
67 -1.42755 -1.42757 1.83661e-05
68 -1.42755 -1.42757 1.83661e-05
69 -1.42755 -1.42757 1.83661e-05
70 -1.42678 -1.42741 0.00031566
71 -1.42678 -1.42741 0.00031566
72 -1.42678 -1.42741 0.00031566
73 -1.42678 -1.42741 0.00031566
74 -1.42678 -1.42722 0.000336135
75 -1.42678 -1.42717 0.000299772
76 -1.42678 -1.42707 0.000233841
77 -1.42678 -1.42707 0.000233841
78 -1.42678 -1.42707 0.000233841
79 -1.42678 -1.42701 0.000184637
80 -1.42678 -1.42701 0.000184637
81 -1.42678 -1.42699 0.000148752
82 -1.42678 -1.42699 0.000148752
83 -1.42678 -1.42693 0.000108896
84 -1.42678 -1.42693 0.000108896
85 -1.42678 -1.42693 0.000108896
86 -1.42678 -1.42693 0.000108896
87 -1.42668 -1.42679 8.34e-05
88 -1.42668 -1.42679 8.34e-05
89 -1.42646 -1.4267 0.000133823
90 -1.42646 -1.4267 0.000133823
91 -1.42646 -1.42662 0.000130597
92 -1.42646 -1.42662 0.000130597
93 -1.42646 -1.42658 0.000105719
94 -1.42424 -1.42602 0.000892027
95 -1.42424 -1.42602 0.000892027
96 -1.42424 -1.42602 0.000892027
97 -1.42424 -1.42594 0.00085493
98 -1.42166 -1.42498 0.00184388
99 -1.42166 -1.42498 0.00184388
100 -1.41792 -1.42327 0.00316059
