1 0.149225 0.101809 0.0368137
2 0.156405 0.133835 0.0215997
3 0.156405 0.141559 0.00949978
4 0.176053 0.150804 0.0148494
5 0.176053 0.15346 0.0128362
6 0.258578 0.198074 0.0442297
7 0.258578 0.229731 0.0244301
8 0.258578 0.232533 0.0207577
9 0.258578 0.233385 0.0197719
10 0.258578 0.233385 0.0197719
11 0.258578 0.233385 0.0197719
12 0.258578 0.233385 0.0197719
13 0.258578 0.234031 0.0189863
14 0.258578 0.240653 0.0154698
15 0.258578 0.24706 0.0057708
16 0.258578 0.24706 0.0057708
17 0.258578 0.24706 0.0057708
18 0.258578 0.24706 0.0057708
19 0.258578 0.24706 0.0057708
20 0.258578 0.24706 0.0057708
21 0.258578 0.24706 0.0057708
22 0.258578 0.24706 0.0057708
23 0.258578 0.248731 0.005793
24 0.258578 0.248731 0.005793
25 0.258578 0.248849 0.00569656
26 0.258578 0.248849 0.00569656
27 0.258578 0.250515 0.00535499
28 0.258578 0.250515 0.00535499
29 0.258578 0.252181 0.00439865
30 0.258578 0.252181 0.00439865
31 0.258578 0.252181 0.00439865
32 0.258578 0.253661 0.00247133
33 0.258578 0.253661 0.00247133
34 0.258578 0.253661 0.00247133
35 0.260744 0.25538 0.00356787
36 0.308896 0.266729 0.0213218
37 0.308896 0.266729 0.0213218
38 0.308896 0.266729 0.0213218
39 0.308896 0.266729 0.0213218
40 0.308896 0.269902 0.0201483
41 0.308896 0.269902 0.0201483
42 0.308896 0.269902 0.0201483
43 0.308896 0.269902 0.0201483
44 0.308896 0.271508 0.0190017
45 0.308896 0.271508 0.0190017
46 0.308896 0.271941 0.0187246
47 0.308896 0.271941 0.0187246
48 0.308896 0.271941 0.0187246
49 0.308896 0.273508 0.0180373
50 0.308896 0.273508 0.0180373
51 0.308896 0.273508 0.0180373
52 0.308896 0.273508 0.0180373
53 0.309271 0.284641 0.0199588
54 0.309271 0.284641 0.0199588
55 0.309271 0.284935 0.0197191
56 0.309271 0.28738 0.0182421
57 0.309271 0.287901 0.0177275
58 0.309271 0.287901 0.0177275
59 0.309271 0.287901 0.0177275
60 0.309271 0.297808 0.0138869
61 0.309271 0.297808 0.0138869
62 0.477061 0.342754 0.0671537
63 0.477061 0.342754 0.0671537
64 0.477061 0.342754 0.0671537
65 0.477061 0.342754 0.0671537
66 0.477061 0.342754 0.0671537
67 0.477061 0.342754 0.0671537
68 0.477061 0.342754 0.0671537
69 0.477061 0.342754 0.0671537
70 0.477061 0.342754 0.0671537
71 0.477061 0.342754 0.0671537
72 0.477061 0.342754 0.0671537
73 0.477061 0.342754 0.0671537
74 0.477061 0.361297 0.0680389
75 0.477061 0.372898 0.0629326
76 0.477061 0.372898 0.0629326
77 2.05788 0.722619 0.669833
78 2.05788 1.07234 0.80547
79 2.05788 1.19347 0.732574
80 2.08972 1.63069 0.536315
81 2.08972 1.63069 0.536315
82 2.19262 1.87463 0.452492
83 2.19262 1.87463 0.452492
84 2.19262 2.11814 0.0619133
85 2.19262 2.11814 0.0619133
86 2.19262 2.11814 0.0619133
87 2.26559 2.16605 0.0677846
88 2.26559 2.17399 0.0602942
89 2.26559 2.17399 0.0602942
90 2.29066 2.21418 0.057643
91 2.29066 2.21418 0.057643
92 2.29066 2.21418 0.057643
93 2.29066 2.21418 0.057643
94 2.29066 2.21418 0.057643
95 2.62256 2.33242 0.149452
96 2.62256 2.39639 0.144283
97 2.62256 2.39639 0.144283
98 2.62256 2.39639 0.144283
99 2.62256 2.46778 0.150101
100 2.62256 2.46778 0.150101
101 2.62256 2.46778 0.150101
102 2.62256 2.46778 0.150101
103 2.62256 2.46778 0.150101
104 2.62256 2.46778 0.150101
105 2.62256 2.51198 0.121192
106 2.62256 2.51198 0.121192
107 2.62256 2.51198 0.121192
108 2.62256 2.51198 0.121192
109 2.62256 2.51198 0.121192
110 2.62256 2.53519 0.0810546
111 2.62256 2.53519 0.0810546
112 2.62256 2.53519 0.0810546
113 2.62256 2.53519 0.0810546
114 2.76784 2.60741 0.0942146
115 2.76784 2.60741 0.0942146
116 2.76784 2.60741 0.0942146
117 2.76784 2.60741 0.0942146
118 2.76784 2.60741 0.0942146
119 2.76784 2.60741 0.0942146
120 2.76784 2.60741 0.0942146
121 2.76784 2.60741 0.0942146
122 2.76784 2.63211 0.0811557
123 2.76784 2.68319 0.0692685
124 2.76784 2.71224 0.0682054
125 2.76784 2.71224 0.0682054
126 2.76784 2.71224 0.0682054
127 2.76784 2.7413 0.0530796
128 2.76784 2.7413 0.0530796
129 2.76784 2.7413 0.0530796
130 2.76784 2.76784 0
131 2.76784 2.76784 0
132 2.76784 2.76784 0
133 2.76784 2.76784 0
134 2.76784 2.76784 0
135 2.76784 2.76784 0
136 2.76784 2.76784 0
137 2.76784 2.76784 0
138 2.76784 2.76784 0
139 2.76784 2.76784 0
140 2.76784 2.76784 0
141 2.76784 2.76784 0
142 2.76784 2.76784 0
143 2.76784 2.76784 0
144 2.76784 2.76784 0
145 2.76784 2.76784 0
146 2.76784 2.76784 0
147 2.76784 2.76784 0
148 2.76784 2.76784 0
149 2.76784 2.76784 0
150 2.76784 2.76784 0
151 2.76784 2.76784 0
152 2.76784 2.76784 0
153 2.76784 2.76784 0
154 2.76784 2.76784 0
155 2.76784 2.76784 0
156 2.76784 2.76784 0
157 2.76784 2.76784 0
158 2.76784 2.76784 0
159 2.76784 2.76784 0
160 2.76784 2.76784 0
161 2.76784 2.76784 0
162 2.76784 2.76784 0
163 2.76784 2.76784 0
164 2.76784 2.76784 0
165 2.76784 2.76784 0
166 2.76784 2.76784 0
167 2.76784 2.76784 0
168 2.76784 2.76784 0
169 2.76784 2.76784 0
170 2.76784 2.76784 0
171 2.76784 2.76784 0
172 2.76784 2.76784 0
173 2.76784 2.76784 0
174 2.76784 2.76784 0
175 2.76784 2.76784 0
176 2.76784 2.76784 0
177 2.8136 2.77699 0.0183046
178 2.8136 2.77699 0.0183046
179 2.8136 2.77699 0.0183046
180 2.8136 2.77699 0.0183046
181 2.8136 2.77699 0.0183046
182 2.8136 2.77699 0.0183046
183 2.8136 2.77699 0.0183046
184 2.8136 2.77699 0.0183046
185 2.8136 2.77699 0.0183046
186 2.8136 2.77699 0.0183046
187 2.8136 2.77699 0.0183046
188 2.8136 2.77699 0.0183046
189 2.8136 2.77699 0.0183046
190 2.8136 2.77699 0.0183046
191 2.8136 2.77699 0.0183046
192 2.8136 2.77699 0.0183046
193 2.8136 2.77699 0.0183046
194 2.8136 2.77699 0.0183046
195 2.8136 2.77699 0.0183046
196 2.8136 2.78614 0.0224185
197 2.8136 2.78614 0.0224185
198 2.8136 2.78614 0.0224185
199 2.8136 2.78614 0.0224185
200 2.8136 2.78614 0.0224185
201 2.8136 2.78614 0.0224185
202 2.8136 2.78614 0.0224185
203 2.8136 2.78614 0.0224185
204 2.8136 2.78614 0.0224185
205 2.8136 2.79529 0.0224185
206 2.8136 2.80445 0.0183046
207 2.8136 2.8136 0
208 2.8136 2.8136 0
209 2.8136 2.8136 0
210 2.8136 2.8136 0
211 2.8136 2.8136 0
212 2.8136 2.8136 0
213 2.8136 2.8136 0
214 2.8136 2.8136 0
215 2.8136 2.8136 0
216 2.8136 2.8136 0
217 2.8136 2.8136 0
218 2.8136 2.8136 0
219 2.8136 2.8136 0
220 2.8136 2.8136 0
221 2.8136 2.8136 0
222 2.8136 2.8136 0
223 2.8136 2.8136 0
224 2.8136 2.8136 0
225 2.8136 2.8136 0
226 2.8136 2.8136 0
227 2.8136 2.8136 0
228 2.8136 2.8136 0
229 2.8136 2.8136 0
230 2.8136 2.8136 0
231 2.8136 2.8136 0
232 2.8136 2.8136 0
233 2.8136 2.8136 0
234 2.8136 2.8136 0
235 2.85611 2.8221 0.0170043
236 2.85611 2.8221 0.0170043
237 2.85611 2.8221 0.0170043
238 2.85611 2.8221 0.0170043
239 2.85611 2.8221 0.0170043
240 2.85611 2.8221 0.0170043
241 2.85611 2.8221 0.0170043
242 2.85611 2.8221 0.0170043
243 2.85611 2.8221 0.0170043
244 2.85611 2.8221 0.0170043
245 2.85611 2.8221 0.0170043
246 2.85611 2.8221 0.0170043
247 2.85611 2.8221 0.0170043
248 2.85611 2.8221 0.0170043
249 2.85611 2.8221 0.0170043
250 2.85611 2.8221 0.0170043
251 2.85611 2.8221 0.0170043
252 2.85611 2.8221 0.0170043
253 2.85611 2.8221 0.0170043
254 2.85611 2.8306 0.0208259
255 2.85611 2.8391 0.0208259
256 2.85611 2.8391 0.0208259
257 2.85611 2.8391 0.0208259
258 2.85611 2.8391 0.0208259
259 2.85611 2.8391 0.0208259
260 2.85611 2.8391 0.0208259
261 2.85611 2.8391 0.0208259
262 2.85611 2.8391 0.0208259
263 2.85611 2.8391 0.0208259
264 2.85611 2.84761 0.0170043
265 2.85611 2.84761 0.0170043
266 2.85611 2.84761 0.0170043
267 2.85611 2.84761 0.0170043
268 2.85611 2.84761 0.0170043
269 2.85611 2.84761 0.0170043
270 2.85611 2.84761 0.0170043
271 2.85611 2.84761 0.0170043
272 2.85611 2.84761 0.0170043
273 2.85611 2.84761 0.0170043
274 2.85611 2.84761 0.0170043
275 2.85611 2.84761 0.0170043
276 2.85611 2.85611 0
277 2.85611 2.85611 0
278 2.85611 2.85611 0
279 2.85611 2.85611 0
280 2.85611 2.85611 0
281 2.85611 2.85611 0
282 2.85611 2.85611 0
283 2.85611 2.85611 0
284 2.85611 2.85611 0
285 2.85611 2.85611 0
286 2.85611 2.85611 0
287 2.85611 2.85611 0
288 2.85611 2.85611 0
289 2.85611 2.85611 0
290 2.85611 2.85611 0
291 2.85611 2.85611 0
292 2.85611 2.85611 0
293 2.85611 2.85611 0
294 2.85611 2.85611 0
295 2.85611 2.85611 0
296 2.85611 2.85611 0
297 2.85611 2.85611 0
298 2.85611 2.85611 0
299 2.85611 2.85611 0
300 2.85611 2.85611 0
301 2.85611 2.85611 0
302 2.85611 2.85611 0
303 2.85611 2.85611 0
304 2.85611 2.85611 0
305 2.85611 2.85611 0
306 2.85611 2.85611 0
307 2.85611 2.85611 0
308 2.85611 2.85611 0
309 2.85611 2.85611 0
310 2.85611 2.85611 0
311 2.85611 2.85611 0
312 2.85611 2.85611 0
313 2.85611 2.85611 0
314 2.85611 2.85611 0
315 2.85611 2.85611 0
316 2.85611 2.85611 0
317 2.85611 2.85611 0
318 2.85611 2.85611 0
319 2.85611 2.85611 0
320 2.85611 2.85611 0
321 2.85611 2.85611 0
322 2.85611 2.85611 0
323 2.85611 2.85611 0
324 2.85611 2.85611 0
325 2.85611 2.85611 0
326 2.85611 2.85611 0
327 2.85611 2.85611 0
328 2.85611 2.85611 0
329 2.85611 2.85611 0
330 2.85611 2.85611 0
331 2.85611 2.85611 0
332 2.85611 2.85611 0
333 2.85611 2.85611 0
334 2.85611 2.85611 0
335 2.85611 2.85611 0
336 2.85611 2.85611 0
337 2.85611 2.85611 0
338 2.85611 2.85611 0
339 2.85611 2.85611 0
340 2.85611 2.85611 0
341 2.85611 2.85611 0
342 2.85611 2.85611 0
343 2.85611 2.85611 0
344 2.85611 2.85611 0
345 2.85611 2.85611 0
346 2.85611 2.85611 0
347 2.85611 2.85611 0
348 2.85611 2.85611 0
349 2.85611 2.85611 0
350 2.85611 2.85611 0
351 2.85611 2.85611 0
352 2.85611 2.85611 0
353 2.85611 2.85611 0
354 2.85611 2.85611 0
355 2.85611 2.85611 0
356 2.85611 2.85611 0
357 2.85611 2.85611 0
358 2.85611 2.85611 0
359 2.85611 2.85611 0
360 2.85611 2.85611 0
361 2.85611 2.85611 0
362 2.85611 2.85611 0
363 2.85611 2.85611 0
364 2.85611 2.85611 0
365 2.85611 2.85611 0
366 2.85611 2.85611 0
367 2.85611 2.85611 0
368 2.85611 2.85611 0
369 2.85611 2.85611 0
370 2.85611 2.85611 0
371 2.85611 2.85611 0
372 2.85611 2.85611 0
373 2.85611 2.85611 0
374 2.85611 2.85611 0
375 2.85611 2.85611 0
376 2.85611 2.85611 0
377 2.85611 2.85611 0
378 2.85611 2.85611 0
379 2.85611 2.85611 0
380 2.85611 2.85611 0
381 2.85611 2.85611 0
382 2.85611 2.85611 0
383 2.85611 2.85611 0
384 2.85611 2.85611 0
385 2.85611 2.85611 0
386 2.85611 2.85611 0
387 2.85611 2.85611 0
388 2.85611 2.85611 0
389 2.85611 2.85611 0
390 2.85611 2.85611 0
391 2.85611 2.85611 0
392 2.85611 2.85611 0
393 2.85611 2.85611 0
394 2.85611 2.85611 0
395 2.85611 2.85611 0
396 2.85611 2.85611 0
397 2.85611 2.85611 0
398 2.85611 2.85611 0
399 2.85611 2.85611 0
400 2.85611 2.85611 0
401 2.85611 2.85611 0
402 2.85611 2.85611 0
403 2.85611 2.85611 0
404 2.85611 2.85611 0
405 2.85611 2.85611 0
406 2.85611 2.85611 0
407 2.85611 2.85611 0
408 2.85611 2.85611 0
409 2.85611 2.85611 0
410 2.85611 2.85611 0
411 2.85611 2.85611 0
412 2.85611 2.85611 0
413 2.85611 2.85611 0
414 2.85611 2.85611 0
415 2.85611 2.85611 0
416 2.85611 2.85611 0
417 2.85611 2.85611 0
418 2.85611 2.85611 0
419 2.85611 2.85611 0
420 2.85611 2.85611 0
421 2.85611 2.85611 0
422 2.85611 2.85611 0
423 2.85611 2.85611 0
424 2.85611 2.85611 0
425 2.85611 2.85611 0
426 2.85611 2.85611 0
427 2.85611 2.85611 0
428 2.85611 2.85611 0
429 2.85611 2.85611 0
430 2.85611 2.85611 0
431 2.85611 2.85611 0
432 2.85611 2.85611 0
433 2.85611 2.85611 0
434 2.85611 2.85611 0
435 2.85611 2.85611 0
436 2.85611 2.85611 0
437 2.85611 2.85611 0
438 2.85611 2.85611 0
439 2.85611 2.85611 0
440 2.85611 2.85611 0
441 2.85611 2.85611 0
442 2.85611 2.85611 0
443 2.85611 2.85611 0
444 2.85611 2.85611 0
445 2.85611 2.85611 0
446 2.85611 2.85611 0
447 2.85611 2.85611 0
448 2.85611 2.85611 0
449 2.85611 2.85611 0
450 2.85611 2.85611 0
451 2.85611 2.85611 0
452 2.85611 2.85611 0
453 2.85611 2.85611 0
454 2.85611 2.85611 0
455 2.85611 2.85611 0
456 2.85611 2.85611 0
457 2.85611 2.85611 0
458 2.85611 2.85611 0
459 2.85611 2.85611 0
460 2.85611 2.85611 0
461 2.85611 2.85611 0
462 2.85611 2.85611 0
463 2.85611 2.85611 0
464 2.85611 2.85611 0
465 2.85611 2.85611 0
466 2.85611 2.85611 0
467 2.85611 2.85611 0
468 2.85611 2.85611 0
469 2.85611 2.85611 0
470 2.85611 2.85611 0
471 2.85611 2.85611 0
472 2.85611 2.85611 0
473 2.85611 2.85611 0
474 2.85611 2.85611 0
475 2.85611 2.85611 0
476 2.85611 2.85611 0
477 2.85611 2.85611 0
478 2.85611 2.85611 0
479 2.85611 2.85611 0
480 2.85611 2.85611 0
481 2.85611 2.85611 0
482 2.85611 2.85611 0
483 2.85611 2.85611 0
484 2.85611 2.85611 0
485 2.85611 2.85611 0
486 2.85611 2.85611 0
487 2.85611 2.85611 0
488 2.85611 2.85611 0
489 2.85611 2.85611 0
490 2.85611 2.85611 0
491 2.85611 2.85611 0
492 2.85611 2.85611 0
493 2.85611 2.85611 0
494 2.85611 2.85611 0
495 2.85611 2.85611 0
496 2.85611 2.85611 0
497 2.85611 2.85611 0
498 2.85611 2.85611 0
499 2.85611 2.85611 0
500 2.85611 2.85611 0
501 2.85611 2.85611 0
502 2.85611 2.85611 0
503 2.85611 2.85611 0
504 2.85611 2.85611 0
505 2.85611 2.85611 0
506 2.85611 2.85611 0
507 2.85611 2.85611 0
508 2.85611 2.85611 0
509 2.85611 2.85611 0
510 2.85611 2.85611 0
511 2.85611 2.85611 0
512 2.85611 2.85611 0
513 2.85611 2.85611 0
514 2.85611 2.85611 0
515 2.85611 2.85611 0
516 2.85611 2.85611 0
517 2.85611 2.85611 0
518 2.85611 2.85611 0
519 2.85611 2.85611 0
520 2.85611 2.85611 0
521 2.85611 2.85611 0
522 2.85611 2.85611 0
523 2.85611 2.85611 0
524 2.85611 2.85611 0
525 2.85611 2.85611 0
526 2.85611 2.85611 0
527 2.85611 2.85611 0
528 2.85611 2.85611 0
529 2.85611 2.85611 0
530 2.85611 2.85611 0
531 2.85611 2.85611 0
532 2.85611 2.85611 0
533 2.85611 2.85611 0
534 2.85611 2.85611 0
535 2.85611 2.85611 0
536 2.85611 2.85611 0
537 2.85611 2.85611 0
538 2.85611 2.85611 0
539 2.85611 2.85611 0
540 2.85611 2.85611 0
541 2.85611 2.85611 0
542 2.85611 2.85611 0
543 2.85611 2.85611 0
544 2.85611 2.85611 0
545 2.85611 2.85611 0
546 2.85611 2.85611 0
547 2.85611 2.85611 0
548 2.85611 2.85611 0
549 2.85611 2.85611 0
550 2.85611 2.85611 0
551 2.85611 2.85611 0
552 2.85611 2.85611 0
553 2.85611 2.85611 0
554 2.85611 2.85611 0
555 2.85611 2.85611 0
556 2.85611 2.85611 0
557 2.85611 2.85611 0
558 2.85611 2.85611 0
559 2.85611 2.85611 0
560 2.85611 2.85611 0
561 2.85611 2.85611 0
562 2.85611 2.85611 0
563 2.85611 2.85611 0
564 2.85611 2.85611 0
565 2.85611 2.85611 0
566 2.85611 2.85611 0
567 2.85611 2.85611 0
568 2.85611 2.85611 0
569 2.85611 2.85611 0
570 2.85611 2.85611 0
571 2.85611 2.85611 0
572 2.85611 2.85611 0
573 2.85611 2.85611 0
574 2.85611 2.85611 0
575 2.85611 2.85611 0
576 2.85611 2.85611 0
577 2.85611 2.85611 0
578 2.85611 2.85611 0
579 2.85611 2.85611 0
580 2.85611 2.85611 0
581 2.85611 2.85611 0
582 2.85611 2.85611 0
583 2.85611 2.85611 0
584 2.85611 2.85611 0
585 2.85611 2.85611 0
586 2.85611 2.85611 0
587 2.85611 2.85611 0
588 2.85611 2.85611 0
589 2.85611 2.85611 0
590 2.85611 2.85611 0
591 2.85611 2.85611 0
592 2.85611 2.85611 0
593 2.85611 2.85611 0
594 2.85611 2.85611 0
595 2.85611 2.85611 0
596 2.85611 2.85611 0
597 2.85611 2.85611 0
598 2.85611 2.85611 0
599 2.85611 2.85611 0
600 2.85611 2.85611 0
601 2.85611 2.85611 0
602 2.85611 2.85611 0
603 2.85611 2.85611 0
604 2.85611 2.85611 0
605 2.85611 2.85611 0
606 2.85611 2.85611 0
607 2.85611 2.85611 0
608 2.85611 2.85611 0
609 2.85611 2.85611 0
610 2.85611 2.85611 0
611 2.85611 2.85611 0
612 2.85611 2.85611 0
613 2.85611 2.85611 0
614 2.85611 2.85611 0
615 2.85611 2.85611 0
616 2.85611 2.85611 0
617 2.85611 2.85611 0
618 2.85611 2.85611 0
619 2.85611 2.85611 0
620 2.85611 2.85611 0
621 2.85611 2.85611 0
622 2.85611 2.85611 0
623 2.85611 2.85611 0
624 2.85611 2.85611 0
625 2.85611 2.85611 0
626 2.85611 2.85611 0
627 2.85611 2.85611 0
628 2.85611 2.85611 0
629 2.85611 2.85611 0
630 2.85611 2.85611 0
631 2.85611 2.85611 0
632 2.85611 2.85611 0
633 2.85611 2.85611 0
634 2.85611 2.85611 0
635 2.85611 2.85611 0
636 2.85611 2.85611 0
637 2.85611 2.85611 0
638 2.85611 2.85611 0
639 2.85611 2.85611 0
640 2.85611 2.85611 0
641 2.85611 2.85611 0
642 2.85611 2.85611 0
643 2.85611 2.85611 0
644 2.85611 2.85611 0
645 2.85611 2.85611 0
646 2.85611 2.85611 0
647 2.85611 2.85611 0
648 2.85611 2.85611 0
649 2.85611 2.85611 0
650 2.85611 2.85611 0
651 2.85611 2.85611 0
652 2.85611 2.85611 0
653 2.85611 2.85611 0
654 2.85611 2.85611 0
655 2.85611 2.85611 0
656 2.85611 2.85611 0
657 2.85611 2.85611 0
658 2.85611 2.85611 0
659 2.85611 2.85611 0
660 2.85611 2.85611 0
661 2.85611 2.85611 0
662 2.85611 2.85611 0
663 2.85611 2.85611 0
664 2.85611 2.85611 0
665 2.85611 2.85611 0
666 2.85611 2.85611 0
667 2.85611 2.85611 0
668 2.85611 2.85611 0
669 2.85611 2.85611 0
670 2.85611 2.85611 0
671 2.85611 2.85611 0
672 2.85611 2.85611 0
673 2.85611 2.85611 0
674 2.85611 2.85611 0
675 2.85611 2.85611 0
676 2.85611 2.85611 0
677 2.85611 2.85611 0
678 2.85611 2.85611 0
679 2.85611 2.85611 0
680 2.85611 2.85611 0
681 2.85611 2.85611 0
682 2.85611 2.85611 0
683 2.85611 2.85611 0
684 2.85611 2.85611 0
685 2.85611 2.85611 0
686 2.85611 2.85611 0
687 2.85611 2.85611 0
688 2.85611 2.85611 0
689 2.85611 2.85611 0
690 2.85611 2.85611 0
691 2.85611 2.85611 0
692 2.85611 2.85611 0
693 2.85611 2.85611 0
694 2.85611 2.85611 0
695 2.85611 2.85611 0
696 2.85611 2.85611 0
697 2.85611 2.85611 0
698 2.85611 2.85611 0
699 2.85611 2.85611 0
700 2.85611 2.85611 0
701 2.85611 2.85611 0
702 2.85611 2.85611 0
703 2.85611 2.85611 0
704 2.85611 2.85611 0
705 2.85611 2.85611 0
706 2.85611 2.85611 0
707 2.85611 2.85611 0
708 2.85611 2.85611 0
709 2.85611 2.85611 0
710 2.85611 2.85611 0
711 2.85611 2.85611 0
712 2.85611 2.85611 0
713 2.85611 2.85611 0
714 2.85611 2.85611 0
715 2.85611 2.85611 0
716 2.85611 2.85611 0
717 2.85611 2.85611 0
718 2.85611 2.85611 0
719 2.85611 2.85611 0
720 2.85611 2.85611 0
721 2.85611 2.85611 0
722 2.85611 2.85611 0
723 2.85611 2.85611 0
724 2.85611 2.85611 0
725 2.85611 2.85611 0
726 2.85611 2.85611 0
727 2.85611 2.85611 0
728 2.85611 2.85611 0
729 2.85611 2.85611 0
730 2.85611 2.85611 0
731 2.85611 2.85611 0
732 2.85611 2.85611 0
733 2.85611 2.85611 0
734 2.85611 2.85611 0
735 2.85611 2.85611 0
736 2.85611 2.85611 0
737 2.85611 2.85611 0
738 2.85611 2.85611 0
739 2.85611 2.85611 0
740 2.85611 2.85611 0
741 2.85611 2.85611 0
742 2.85611 2.85611 0
743 2.85611 2.85611 0
744 2.85611 2.85611 0
745 2.85611 2.85611 0
746 2.85611 2.85611 0
747 2.85611 2.85611 0
748 2.85611 2.85611 0
749 2.85611 2.85611 0
750 2.85611 2.85611 0
751 2.85611 2.85611 0
752 2.85611 2.85611 0
753 2.85611 2.85611 0
754 2.85611 2.85611 0
755 2.85611 2.85611 0
756 2.85611 2.85611 0
757 2.85611 2.85611 0
758 2.85611 2.85611 0
759 2.85611 2.85611 0
760 2.85611 2.85611 0
761 2.85611 2.85611 0
762 2.85611 2.85611 0
763 2.85611 2.85611 0
764 2.85611 2.85611 0
765 2.85611 2.85611 0
766 2.85611 2.85611 0
767 2.85611 2.85611 0
768 2.85611 2.85611 0
769 2.85611 2.85611 0
770 2.85611 2.85611 0
771 2.85611 2.85611 0
772 2.85611 2.85611 0
773 2.85611 2.85611 0
774 2.85611 2.85611 0
775 2.85611 2.85611 0
776 2.85611 2.85611 0
777 2.85611 2.85611 0
778 2.85611 2.85611 0
779 2.85611 2.85611 0
780 2.85611 2.85611 0
781 2.85611 2.85611 0
782 2.85611 2.85611 0
783 2.85611 2.85611 0
784 2.85611 2.85611 0
785 2.85611 2.85611 0
786 2.85611 2.85611 0
787 2.85611 2.85611 0
788 2.85611 2.85611 0
789 2.85611 2.85611 0
790 2.85611 2.85611 0
791 2.85611 2.85611 0
792 2.85611 2.85611 0
793 2.85611 2.85611 0
794 2.85611 2.85611 0
795 2.85611 2.85611 0
796 2.85611 2.85611 0
797 2.85611 2.85611 0
798 2.85611 2.85611 0
799 2.85611 2.85611 0
800 2.85611 2.85611 0
801 2.85611 2.85611 0
802 2.85611 2.85611 0
803 2.85611 2.85611 0
804 2.85611 2.85611 0
805 2.85611 2.85611 0
806 2.85611 2.85611 0
807 2.85611 2.85611 0
808 2.85611 2.85611 0
809 2.85611 2.85611 0
810 2.85611 2.85611 0
811 2.85611 2.85611 0
812 2.85611 2.85611 0
813 2.85611 2.85611 0
814 2.85611 2.85611 0
815 2.85611 2.85611 0
816 2.85611 2.85611 0
817 2.85611 2.85611 0
818 2.85611 2.85611 0
819 2.85611 2.85611 0
820 2.85611 2.85611 0
821 2.85611 2.85611 0
822 2.85611 2.85611 0
823 2.85611 2.85611 0
824 2.85611 2.85611 0
825 2.85611 2.85611 0
826 2.85611 2.85611 0
827 2.85611 2.85611 0
828 2.85611 2.85611 0
829 2.85611 2.85611 0
830 2.85611 2.85611 0
831 2.85611 2.85611 0
832 2.85611 2.85611 0
833 2.85611 2.85611 0
834 2.85611 2.85611 0
835 2.85611 2.85611 0
836 2.85611 2.85611 0
837 2.85611 2.85611 0
838 2.85611 2.85611 0
839 2.85611 2.85611 0
840 2.91024 2.86693 0.0216512
841 2.91024 2.86693 0.0216512
842 2.91024 2.86693 0.0216512
843 2.91024 2.86693 0.0216512
844 2.91024 2.86693 0.0216512
845 2.91024 2.86693 0.0216512
846 2.91024 2.86693 0.0216512
847 3.4102 2.97775 0.217239
848 3.4102 3.05118 0.225596
849 3.4102 3.08253 0.206383
850 3.4102 3.08253 0.206383
851 4.03145 3.41226 0.340437
852 4.54102 3.7179 0.495376
853 4.56767 3.98679 0.518247
854 4.56767 4.19947 0.439243
855 4.56767 4.19947 0.439243
856 4.56767 4.27735 0.307015
857 4.56767 4.29678 0.277855
858 4.56767 4.3845 0.194429
859 4.56767 4.42911 0.119434
860 4.56767 4.42911 0.119434
861 4.56767 4.42911 0.119434
862 4.56767 4.46581 0.0826773
863 4.56767 4.46581 0.0826773
864 4.56767 4.46581 0.0826773
865 4.56767 4.48694 0.0557517
866 4.56767 4.48694 0.0557517
867 4.66719 4.53278 0.0838219
868 4.66719 4.53278 0.0838219
869 4.66719 4.56395 0.0720534
870 4.66719 4.56395 0.0720534
871 4.66719 4.56395 0.0720534
872 4.66719 4.56395 0.0720534
873 4.66719 4.56395 0.0720534
874 4.66719 4.56395 0.0720534
875 4.66719 4.56395 0.0720534
876 4.66719 4.56701 0.067187
877 4.66719 4.59147 0.0422401
878 4.66719 4.60415 0.0338794
879 4.66719 4.60914 0.0297222
880 4.66719 4.60914 0.0297222
881 4.66719 4.60914 0.0297222
882 4.66719 4.60914 0.0297222
883 4.66719 4.60914 0.0297222
884 4.66719 4.60914 0.0297222
885 4.66719 4.61318 0.0273958
886 4.66719 4.61318 0.0273958
887 4.66719 4.61318 0.0273958
888 4.66719 4.61318 0.0273958
889 4.66719 4.61318 0.0273958
890 4.66719 4.61318 0.0273958
891 4.66719 4.61318 0.0273958
892 4.66719 4.61318 0.0273958
893 4.66719 4.61318 0.0273958
894 4.66719 4.61318 0.0273958
895 4.66719 4.61318 0.0273958
896 4.66719 4.61318 0.0273958
897 4.66719 4.61318 0.0273958
898 4.66719 4.61318 0.0273958
899 4.66719 4.61318 0.0273958
900 4.66719 4.61318 0.0273958
901 4.66719 4.61318 0.0273958
902 4.66719 4.61318 0.0273958
903 4.66719 4.61318 0.0273958
904 4.66719 4.61318 0.0273958
905 4.66719 4.61318 0.0273958
906 4.66719 4.61318 0.0273958
907 4.66719 4.61318 0.0273958
908 4.66719 4.61318 0.0273958
909 4.74431 4.64352 0.0564291
910 4.74431 4.64352 0.0564291
911 4.74431 4.64352 0.0564291
912 4.74431 4.64352 0.0564291
913 4.74431 4.64352 0.0564291
914 4.74431 4.64363 0.0563402
915 4.74431 4.64363 0.0563402
916 4.74431 4.6497 0.0525382
917 4.74431 4.6497 0.0525382
918 4.74431 4.6497 0.0525382
919 4.74431 4.6497 0.0525382
920 4.74431 4.6497 0.0525382
921 4.74431 4.6497 0.0525382
922 4.74431 4.6497 0.0525382
923 4.74431 4.6497 0.0525382
924 4.74431 4.6497 0.0525382
