1 -1.68533 -1.696 0.00747813
2 -1.68533 -1.68875 0.00419414
3 -1.68533 -1.68533 0
4 -1.67147 -1.68255 0.00554099
5 -1.67147 -1.67424 0.00554168
6 -1.65055 -1.66728 0.00836935
7 -1.65014 -1.65465 0.00841191
8 -1.65014 -1.65038 0.000201131
9 -1.65014 -1.65014 0
10 -1.65014 -1.65014 0
11 -1.64755 -1.64962 0.00103459
12 -1.64755 -1.64755 0
13 -1.64755 -1.64755 0
14 -1.64755 -1.64755 0
15 -1.64409 -1.64686 0.00138383
16 -1.64409 -1.64478 0.00138383
17 -1.64289 -1.64385 0.000478268
18 -1.64289 -1.64361 0.000585756
19 -1.64289 -1.64289 0
20 -1.62661 -1.63964 0.00651207
21 -1.62661 -1.63638 0.00797562
22 -1.62244 -1.62578 0.0016674
23 -1.62244 -1.62411 0.00204214
24 -1.62244 -1.62244 0
25 -1.62244 -1.62244 0
26 -1.62244 -1.62244 0
27 -1.62244 -1.62244 0
28 -1.62244 -1.62244 0
29 -1.61906 -1.62177 0.00135422
30 -1.61906 -1.62109 0.00165857
31 -1.61906 -1.61906 0
32 -1.61906 -1.61906 0
33 -1.61906 -1.61906 0
34 -1.61906 -1.61906 0
35 -1.61906 -1.61906 0
36 -1.61906 -1.61906 0
37 -1.61906 -1.61906 0
38 -1.61906 -1.61906 0
39 -1.61906 -1.61906 0
40 -1.61906 -1.61906 0
41 -1.61906 -1.61906 0
42 -1.61906 -1.61906 0
43 -1.61906 -1.61906 0
44 -1.61864 -1.61897 0.0001688
45 -1.61864 -1.61889 0.000206737
46 -1.58514 -1.60995 0.0129477
47 -1.5699 -1.58686 0.012524
48 -1.56044 -1.56801 0.00378404
49 -1.56044 -1.56233 0.00378404
50 -1.56044 -1.56044 0
51 -1.55563 -1.55948 0.00192289
52 -1.55295 -1.55637 0.00244944
53 -1.55295 -1.55402 0.00131529
54 -1.55295 -1.55295 0
55 -1.55295 -1.55295 0
56 -1.55295 -1.55295 0
57 -1.55142 -1.55264 0.000610828
58 -1.55142 -1.55234 0.000748109
59 -1.55142 -1.55142 0
60 -1.55142 -1.55142 0
61 -1.55142 -1.55142 0
62 -1.54945 -1.55103 0.000790834
63 -1.54912 -1.55017 0.00102953
64 -1.54912 -1.54938 0.000131989
65 -1.53597 -1.54662 0.00532789
66 -1.53597 -1.5386 0.00525985
67 -1.53462 -1.5357 0.000539923
68 -1.53462 -1.53543 0.000661268
69 -1.53327 -1.5341 0.000628738
70 -1.53327 -1.53332 6.42988e-05
71 -1.53327 -1.53327 0
72 -1.53327 -1.53327 0
73 -1.53254 -1.53312 0.000293112
74 -1.53254 -1.53283 0.000358987
75 -1.53254 -1.53254 0
76 -1.53254 -1.53254 0
77 -1.53254 -1.53254 0
78 -1.53254 -1.53254 0
79 -1.53254 -1.53254 0
80 -1.53254 -1.53254 0
81 -1.53254 -1.53254 0
82 -1.53254 -1.53254 0
83 -1.53254 -1.53254 0
84 -1.53254 -1.53254 0
85 -1.53254 -1.53254 0
86 -1.53254 -1.53254 0
87 -1.53254 -1.53254 0
88 -1.53254 -1.53254 0
89 -1.53254 -1.53254 0
90 -1.53254 -1.53254 0
91 -1.53254 -1.53254 0
92 -1.53254 -1.53254 0
93 -1.53254 -1.53254 0
94 -1.53254 -1.53254 0
95 -1.53254 -1.53254 0
96 -1.53254 -1.53254 0
97 -1.53254 -1.53254 0
98 -1.53254 -1.53254 0
99 -1.53254 -1.53254 0
100 -1.53254 -1.53254 0
101 -1.53254 -1.53254 0
102 -1.53254 -1.53254 0
103 -1.53254 -1.53254 0
104 -1.53254 -1.53254 0
105 -1.53254 -1.53254 0
106 -1.53254 -1.53254 0
107 -1.53254 -1.53254 0
108 -1.53254 -1.53254 0
109 -1.53254 -1.53254 0
110 -1.53254 -1.53254 0
111 -1.53254 -1.53254 0
112 -1.53254 -1.53254 0
113 -1.53254 -1.53254 0
114 -1.53254 -1.53254 0
115 -1.53254 -1.53254 0
116 -1.53254 -1.53254 0
117 -1.53254 -1.53254 0
118 -1.53254 -1.53254 0
119 -1.53254 -1.53254 0
120 -1.53254 -1.53254 0
121 -1.53254 -1.53254 0
122 -1.53254 -1.53254 0
123 -1.53254 -1.53254 0
124 -1.53254 -1.53254 0
125 -1.53254 -1.53254 0
126 -1.53254 -1.53254 0
127 -1.53254 -1.53254 0
128 -1.53254 -1.53254 0
129 -1.53254 -1.53254 0
130 -1.53254 -1.53254 0
131 -1.53254 -1.53254 0
132 -1.53254 -1.53254 0
133 -1.53254 -1.53254 0
134 -1.53254 -1.53254 0
135 -1.53254 -1.53254 0
136 -1.53254 -1.53254 0
137 -1.53254 -1.53254 0
138 -1.53254 -1.53254 0
139 -1.53254 -1.53254 0
140 -1.53254 -1.53254 0
141 -1.53254 -1.53254 0
142 -1.53254 -1.53254 0
143 -1.53254 -1.53254 0
144 -1.53254 -1.53254 0
145 -1.53254 -1.53254 0
146 -1.53254 -1.53254 0
147 -1.53254 -1.53254 0
148 -1.53254 -1.53254 0
149 -1.53254 -1.53254 0
150 -1.53254 -1.53254 0
151 -1.53254 -1.53254 0
152 -1.53254 -1.53254 0
153 -1.53254 -1.53254 0
154 -1.53254 -1.53254 0
155 -1.53254 -1.53254 0
156 -1.53254 -1.53254 0
157 -1.53254 -1.53254 0
158 -1.53254 -1.53254 0
159 -1.53254 -1.53254 0
160 -1.53254 -1.53254 0
161 -1.53254 -1.53254 0
162 -1.53254 -1.53254 0
163 -1.53254 -1.53254 0
164 -1.53254 -1.53254 0
165 -1.53241 -1.53251 5.13077e-05
166 -1.53241 -1.53246 6.28388e-05
167 -1.53241 -1.53241 0
168 -1.53241 -1.53241 0
169 -1.53241 -1.53241 0
170 -1.53241 -1.53241 0
171 -1.53241 -1.53241 0
172 -1.53241 -1.53241 0
173 -1.53241 -1.53241 0
174 -1.53241 -1.53241 0
175 -1.53241 -1.53241 0
176 -1.53241 -1.53241 0
177 -1.53241 -1.53241 0
178 -1.51354 -1.52863 0.007549
179 -1.5129 -1.51718 0.00761625
180 -1.5076 -1.51208 0.00225705
181 -1.50586 -1.50695 0.000808668
182 -1.50586 -1.506 0.000204092
183 -1.50586 -1.50586 0
184 -1.50468 -1.50562 0.000471163
185 -1.50468 -1.50515 0.00057723
186 -1.50468 -1.50468 5.25603e-07
187 -1.50463 -1.50467 1.86443e-05
188 -1.50463 -1.50465 2.28346e-05
189 -1.50329 -1.50436 0.00053726
190 -1.50329 -1.50407 0.000639101
191 -1.50329 -1.50329 0
192 -1.50328 -1.50329 1.81198e-06
193 -1.50328 -1.50329 2.21921e-06
194 -1.50328 -1.50328 0
195 -1.50328 -1.50328 0
196 -1.50328 -1.50328 0
197 -1.50328 -1.50328 0
198 -1.50328 -1.50328 0
199 -1.50328 -1.50328 0
200 -1.50328 -1.50328 0
201 -1.50328 -1.50328 0
202 -1.50328 -1.50328 0
203 -1.50328 -1.50328 0
204 -1.50328 -1.50328 0
205 -1.50328 -1.50328 0
206 -1.50312 -1.50325 6.58512e-05
207 -1.50312 -1.50318 8.06509e-05
208 -1.50312 -1.50315 6.58512e-05
209 -1.50312 -1.50312 0
210 -1.50312 -1.50312 0
211 -1.50312 -1.50312 0
212 -1.50312 -1.50312 0
213 -1.50312 -1.50312 0
214 -1.50312 -1.50312 0
215 -1.50312 -1.50312 0
216 -1.50312 -1.50312 0
217 -1.50312 -1.50312 0
218 -1.50312 -1.50312 0
219 -1.50312 -1.50312 0
220 -1.50312 -1.50312 0
221 -1.50312 -1.50312 0
222 -1.50312 -1.50312 0
223 -1.50312 -1.50312 0
224 -1.50312 -1.50312 0
225 -1.50312 -1.50312 0
226 -1.50312 -1.50312 0
227 -1.50312 -1.50312 0
228 -1.50312 -1.50312 0
229 -1.50312 -1.50312 0
230 -1.50312 -1.50312 0
231 -1.50312 -1.50312 0
232 -1.50312 -1.50312 0
233 -1.50312 -1.50312 0
234 -1.50312 -1.50312 0
235 -1.50312 -1.50312 0
236 -1.50312 -1.50312 0
237 -1.50312 -1.50312 0
238 -1.50312 -1.50312 0
239 -1.50312 -1.50312 0
240 -1.50312 -1.50312 0
241 -1.50312 -1.50312 0
242 -1.50312 -1.50312 0
243 -1.50312 -1.50312 0
244 -1.50312 -1.50312 0
245 -1.50312 -1.50312 0
246 -1.50312 -1.50312 0
247 -1.50312 -1.50312 1.90735e-07
248 -1.50294 -1.50308 7.30994e-05
249 -1.50294 -1.50294 2.38419e-07
250 -1.50294 -1.50294 2.92002e-07
251 -1.50294 -1.50294 1.43051e-07
252 -1.50294 -1.50294 1.43051e-07
253 -1.50294 -1.50294 1.75201e-07
254 -1.50294 -1.50294 0
255 -1.50294 -1.50294 0
256 -1.50294 -1.50294 0
257 -1.50275 -1.5029 7.41482e-05
258 -1.50275 -1.50286 9.08126e-05
259 -1.50275 -1.50275 0
260 -1.50275 -1.50275 0
261 -1.50275 -1.50275 9.53674e-08
262 -1.50275 -1.50275 1.16801e-07
263 -1.50275 -1.50275 9.53674e-08
264 -1.50275 -1.50275 0
265 -1.50275 -1.50275 0
266 -1.47191 -1.49658 0.0123346
267 -1.47191 -1.48454 0.0148766
268 -1.47191 -1.47246 0.000611612
269 -1.47191 -1.47191 0
270 -1.47191 -1.47191 0
271 -1.46629 -1.47042 0.00218401
272 -1.46439 -1.4677 0.00219491
273 -1.45266 -1.46319 0.00531482
274 -1.45111 -1.45939 0.00614428
275 -1.45111 -1.45111 0
276 -1.45111 -1.45111 0
277 -1.451 -1.45109 4.50134e-05
278 -1.451 -1.45102 4.50134e-05
279 -1.45033 -1.45087 0.000267982
280 -1.45033 -1.4506 0.000326437
281 -1.44487 -1.44919 0.00216385
282 -1.44425 -1.44465 0.000270865
283 -1.4433 -1.44406 0.000382137
284 -1.443 -1.44381 0.000550156
285 -1.443 -1.44312 0.000147636
286 -1.443 -1.443 0
287 -1.443 -1.443 0
288 -1.443 -1.443 0
289 -1.443 -1.443 0
290 -1.443 -1.443 0
291 -1.443 -1.443 0
292 -1.443 -1.443 0
293 -1.443 -1.443 0
294 -1.44289 -1.44298 4.42028e-05
295 -1.44289 -1.44295 5.41372e-05
296 -1.44289 -1.44291 4.42028e-05
297 -1.44289 -1.44289 0
298 -1.44289 -1.44289 0
299 -1.44289 -1.44289 0
300 -1.44246 -1.4428 0.000169468
301 -1.44246 -1.44263 0.000207555
302 -1.44246 -1.44246 0
303 -1.44246 -1.44246 0
304 -1.44246 -1.44246 0
305 -1.44246 -1.44246 0
306 -1.44246 -1.44246 0
307 -1.44246 -1.44246 0
308 -1.44246 -1.44246 0
309 -1.44246 -1.44246 0
310 -1.44243 -1.44246 1.43528e-05
311 -1.44243 -1.44244 1.75785e-05
312 -1.44243 -1.44243 0
313 -1.44161 -1.44226 0.000327587
314 -1.44161 -1.44194 0.000401211
315 -1.44161 -1.44177 0.000327587
316 -1.44161 -1.44161 0
317 -1.44161 -1.44161 1.04904e-06
318 -1.44057 -1.4414 0.000415636
319 -1.44057 -1.44119 0.000508697
320 -1.4254 -1.43753 0.00606742
321 -1.42227 -1.43084 0.0080241
322 -1.42227 -1.4232 0.00124977
323 -1.42105 -1.422 0.000477514
324 -1.42105 -1.42169 0.000524098
325 -1.42105 -1.42146 0.000495294
326 -1.42105 -1.42105 0
327 -1.42091 -1.42102 5.51224e-05
328 -1.41763 -1.42022 0.00129811
329 -1.41733 -1.41757 0.000118685
330 -1.41733 -1.41745 0.000145359
331 -1.41733 -1.41733 0
332 -1.41733 -1.41733 0
333 -1.41726 -1.41732 2.84672e-05
334 -1.41706 -1.41725 0.000102372
335 -1.41706 -1.41714 0.000101733
336 -1.41706 -1.41706 0
337 -1.41706 -1.41706 0
338 -1.41706 -1.41706 0
339 -1.41516 -1.41668 0.000757742
340 -1.41516 -1.41516 0
341 -1.41516 -1.41516 0
342 -1.41516 -1.41516 0
343 -1.41516 -1.41516 0
344 -1.41516 -1.41516 0
345 -1.41516 -1.41516 0
346 -1.41516 -1.41516 0
347 -1.41516 -1.41516 0
348 -1.41516 -1.41516 0
349 -1.41516 -1.41516 0
350 -1.41516 -1.41516 0
351 -1.41513 -1.41516 1.07288e-05
352 -1.41513 -1.41515 1.31401e-05
353 -1.41513 -1.41513 0
354 -1.415 -1.41511 5.23567e-05
355 -1.415 -1.415 0
356 -1.415 -1.415 0
357 -1.415 -1.415 4.76837e-08
358 -1.415 -1.415 4.76837e-08
359 -1.4149 -1.41498 4.00424e-05
360 -1.4149 -1.41494 4.90271e-05
361 -1.4149 -1.4149 0
362 -1.4149 -1.4149 0
363 -1.41157 -1.41424 0.00133419
364 -1.41157 -1.41224 0.00133419
365 -1.41157 -1.41157 0
366 -1.41157 -1.41157 0
367 -1.41157 -1.41157 0
368 -1.41157 -1.41157 0
369 -1.41157 -1.41157 0
370 -1.41157 -1.41157 0
371 -1.41157 -1.41157 0
372 -1.41157 -1.41157 0
373 -1.41157 -1.41157 0
374 -1.41157 -1.41157 0
375 -1.41157 -1.41157 0
376 -1.41157 -1.41157 0
377 -1.41157 -1.41157 0
378 -1.41157 -1.41157 0
379 -1.41157 -1.41157 0
380 -1.41155 -1.41156 7.29561e-06
381 -1.41155 -1.41156 8.93526e-06
382 -1.41155 -1.41155 0
383 -1.41155 -1.41155 0
384 -1.41154 -1.41155 2.14577e-06
385 -1.41154 -1.41155 2.62802e-06
386 -1.41154 -1.41155 2.14577e-06
387 -1.41154 -1.41154 0
388 -1.41154 -1.41154 0
389 -1.41154 -1.41154 0
390 -1.41154 -1.41154 0
391 -1.4115 -1.41153 1.91212e-05
392 -1.4115 -1.41152 2.34186e-05
393 -1.4115 -1.4115 0
394 -1.4115 -1.4115 0
395 -1.4115 -1.4115 0
396 -1.4115 -1.4115 0
397 -1.4115 -1.4115 0
398 -1.4115 -1.4115 0
399 -1.4115 -1.4115 0
400 -1.4115 -1.4115 0
401 -1.4115 -1.4115 0
402 -1.4115 -1.4115 0
403 -1.4115 -1.4115 0
404 -1.4115 -1.4115 0
405 -1.4115 -1.4115 1.90735e-07
406 -1.4115 -1.4115 2.33602e-07
407 -1.4115 -1.4115 0
408 -1.4115 -1.4115 0
409 -1.4115 -1.4115 0
410 -1.4115 -1.4115 0
411 -1.4115 -1.4115 0
412 -1.4115 -1.4115 0
413 -1.4115 -1.4115 0
414 -1.4115 -1.4115 0
415 -1.4115 -1.4115 0
416 -1.4115 -1.4115 0
417 -1.4115 -1.4115 0
418 -1.4115 -1.4115 0
419 -1.4115 -1.4115 0
420 -1.4115 -1.4115 0
421 -1.4115 -1.4115 0
422 -1.4115 -1.4115 0
423 -1.4115 -1.4115 0
424 -1.4115 -1.4115 0
425 -1.4115 -1.4115 0
426 -1.411 -1.4114 0.000197458
427 -1.411 -1.4114 0.000197458
428 -1.411 -1.411 0
429 -1.411 -1.411 0
430 -1.411 -1.411 0
431 -1.411 -1.411 0
432 -1.411 -1.411 0
433 -1.411 -1.411 0
434 -1.411 -1.411 0
435 -1.411 -1.411 0
436 -1.411 -1.411 0
437 -1.411 -1.411 0
438 -1.411 -1.411 0
439 -1.411 -1.411 0
440 -1.41064 -1.41093 0.000143862
441 -1.41064 -1.41079 0.000176194
442 -1.41064 -1.41071 0.000143862
443 -1.41064 -1.41064 0
444 -1.41064 -1.41064 0
445 -1.40525 -1.40956 0.00215802
446 -1.40525 -1.40956 0.00215802
447 -1.40525 -1.40848 0.00264303
448 -1.40525 -1.40525 0
449 -1.40525 -1.40525 0
450 -1.40525 -1.40525 0
451 -1.40525 -1.40525 0
452 -1.40525 -1.40525 0
453 -1.40525 -1.40525 0
454 -1.40525 -1.40525 0
455 -1.40525 -1.40525 0
456 -1.40511 -1.40522 5.62191e-05
457 -1.40511 -1.40519 6.88541e-05
458 -1.40511 -1.40514 5.62191e-05
459 -1.40437 -1.40496 0.000295067
460 -1.40437 -1.40481 0.000361382
461 -1.40437 -1.40466 0.000361382
462 -1.40437 -1.40437 0
463 -1.40437 -1.40437 0
464 -1.40437 -1.40437 0
465 -1.40437 -1.40437 0
466 -1.40437 -1.40437 0
467 -1.40437 -1.40437 0
468 -1.40436 -1.40437 2.71797e-06
469 -1.40436 -1.40436 0
470 -1.40436 -1.40436 0
471 -1.40436 -1.40436 0
472 -1.40436 -1.40436 0
473 -1.40436 -1.40436 0
474 -1.40436 -1.40436 0
475 -1.40436 -1.40436 0
476 -1.40436 -1.40436 0
477 -1.40436 -1.40436 0
478 -1.40436 -1.40436 0
479 -1.40436 -1.40436 0
480 -1.40436 -1.40436 0
481 -1.40436 -1.40436 0
482 -1.40436 -1.40436 0
483 -1.40436 -1.40436 0
484 -1.40436 -1.40436 0
485 -1.40436 -1.40436 0
486 -1.40436 -1.40436 0
487 -1.40436 -1.40436 0
488 -1.40436 -1.40436 0
489 -1.40436 -1.40436 0
490 -1.40436 -1.40436 0
491 -1.40436 -1.40436 0
492 -1.40436 -1.40436 0
493 -1.40436 -1.40436 0
494 -1.40436 -1.40436 0
495 -1.40436 -1.40436 0
496 -1.40436 -1.40436 0
497 -1.40436 -1.40436 0
498 -1.4043 -1.40435 2.36511e-05
499 -1.4043 -1.40433 2.89666e-05
500 -1.4043 -1.4043 0
501 -1.4043 -1.4043 0
502 -1.4043 -1.4043 0
503 -1.4043 -1.4043 0
504 -1.4043 -1.4043 0
505 -1.40422 -1.40429 3.33786e-05
506 -1.40422 -1.40425 4.07637e-05
507 -1.40422 -1.40422 0
508 -1.40421 -1.40422 3.00407e-06
509 -1.40421 -1.40422 3.00407e-06
510 -1.40421 -1.40422 3.67922e-06
511 -1.40421 -1.40421 0
512 -1.40421 -1.40421 0
513 -1.40421 -1.40421 0
514 -1.40421 -1.40421 0
515 -1.40421 -1.40421 0
516 -1.40421 -1.40421 0
517 -1.40421 -1.40421 0
518 -1.40421 -1.40421 0
519 -1.40421 -1.40421 0
520 -1.40421 -1.40421 0
521 -1.40421 -1.40421 0
522 -1.40421 -1.40421 0
523 -1.40421 -1.40421 0
524 -1.40421 -1.40421 0
525 -1.40421 -1.40421 0
526 -1.40421 -1.40421 0
527 -1.40421 -1.40421 0
528 -1.40421 -1.40421 0
529 -1.40421 -1.40421 6.19888e-07
530 -1.40421 -1.40421 7.59205e-07
531 -1.40421 -1.40421 0
532 -1.40421 -1.40421 0
533 -1.40421 -1.40421 4.76837e-08
534 -1.40419 -1.40421 1.03355e-05
535 -1.40419 -1.4042 1.26145e-05
536 -1.40419 -1.40419 0
537 -1.40415 -1.40418 1.4925e-05
538 -1.40415 -1.40418 1.4925e-05
539 -1.40164 -1.40366 0.00101048
540 -1.40164 -1.40264 0.00122828
541 -1.40164 -1.40164 0
542 -1.40164 -1.40164 0
543 -1.40164 -1.40164 0
544 -1.40164 -1.40164 0
545 -1.40164 -1.40164 0
546 -1.38851 -1.39901 0.00525236
547 -1.38851 -1.39901 0.00525236
548 -1.38851 -1.38851 0
549 -1.3844 -1.38769 0.0016458
550 -1.36633 -1.37671 0.00817065
551 -1.35151 -1.36459 0.00658748
552 -1.35151 -1.35744 0.00726051
553 -1.34822 -1.35085 0.00131478
554 -1.34822 -1.3502 0.00161027
555 -1.29957 -1.3384 0.0194125
556 -1.29957 -1.32848 0.0235981
557 -1.29957 -1.29957 0
558 -1.28863 -1.29532 0.00406874
559 -1.28863 -1.29214 0.00287562
560 -1.28083 -1.28707 0.00312195
561 -1.28083 -1.28083 0
562 -1.23486 -1.27163 0.0183851
563 -1.23486 -1.24405 0.0183851
564 -1.05218 -1.18457 0.0685984
565 -1.05218 -1.11546 0.0569559
566 -1.05218 -1.06465 0.0249421
567 -1.05218 -1.05218 0
568 -1.01957 -1.04566 0.0130406
569 -0.987648 -1.01971 0.0204064
570 -0.987648 -1.00038 0.0155973
571 -0.987648 -0.987648 1.16801e-07
572 -0.986845 -0.987487 0.000321126
573 -0.986845 -0.987166 0.000393297
574 -0.986845 -0.986845 0
575 -0.986845 -0.986845 0
576 -0.986845 -0.986845 0
577 -0.986845 -0.986845 0
578 -0.986845 -0.986845 0
579 -0.986845 -0.986845 2.14577e-07
580 -0.986845 -0.986845 2.62802e-07
581 -0.986845 -0.986845 0
582 -0.986785 -0.986833 2.38419e-05
583 -0.986785 -0.986821 2.92002e-05
584 -0.986785 -0.986809 2.92002e-05
585 -0.986785 -0.986785 0
586 -0.986785 -0.986785 0
587 -0.986772 -0.986782 5.22137e-06
588 -0.986772 -0.98678 6.39484e-06
589 -0.986772 -0.986775 5.22137e-06
590 -0.986772 -0.986772 0
591 -0.986772 -0.986772 0
592 -0.986772 -0.986772 0
593 -0.986772 -0.986772 0
594 -0.986772 -0.986772 0
595 -0.986772 -0.986772 0
596 -0.986772 -0.986772 0
597 -0.986772 -0.986772 0
598 -0.986772 -0.986772 0
599 -0.986772 -0.986772 0
600 -0.986772 -0.986772 0
601 -0.986772 -0.986772 0
602 -0.986772 -0.986772 0
603 -0.986772 -0.986772 0
604 -0.986772 -0.986772 0
605 -0.986772 -0.986772 0
606 -0.986772 -0.986772 0
607 -0.986716 -0.986761 2.24352e-05
608 -0.986716 -0.986716 0
609 -0.986716 -0.986716 0
610 -0.986716 -0.986716 0
611 -0.986716 -0.986716 0
612 -0.981745 -0.985722 0.00198827
613 -0.981745 -0.982739 0.00198827
614 -0.981745 -0.981745 0
615 -0.981745 -0.981745 0
616 -0.981745 -0.981745 0
617 -0.981745 -0.981745 0
618 -0.981745 -0.981745 0
619 -0.981745 -0.981745 0
620 -0.981745 -0.981745 0
621 -0.975766 -0.980549 0.0023916
622 -0.975766 -0.976962 0.0023916
623 -0.975621 -0.975737 5.79119e-05
624 -0.975621 -0.975708 7.09273e-05
625 -0.975621 -0.975621 0
626 -0.975621 -0.975621 0
627 -0.975621 -0.975621 0
628 -0.974911 -0.975479 0.000284123
629 -0.974911 -0.975053 0.000284123
630 -0.974911 -0.974911 0
631 -0.974911 -0.974911 0
632 -0.974911 -0.974911 0
633 -0.974911 -0.974911 0
634 -0.974911 -0.974911 0
635 -0.974911 -0.974911 0
636 -0.974911 -0.974911 0
637 -0.974911 -0.974911 0
638 -0.974911 -0.974911 0
639 -0.974911 -0.974911 0
640 -0.974801 -0.974889 4.41313e-05
641 -0.974801 -0.974889 4.41313e-05
642 -0.974801 -0.974845 5.40496e-05
643 -0.974801 -0.974801 0
644 -0.974801 -0.974801 0
645 -0.974801 -0.974801 0
646 -0.974801 -0.974801 0
647 -0.974801 -0.974801 0
648 -0.974801 -0.974801 0
649 -0.974801 -0.974801 0
650 -0.974801 -0.974801 0
651 -0.974801 -0.974801 0
652 -0.974801 -0.974801 0
653 -0.974801 -0.974801 0
654 -0.974801 -0.974801 0
655 -0.974801 -0.974801 0
656 -0.974769 -0.974794 1.27792e-05
657 -0.974769 -0.974775 1.27792e-05
658 -0.974769 -0.974769 0
659 -0.974769 -0.974769 0
660 -0.974769 -0.974769 0
661 -0.974769 -0.974769 0
662 -0.974769 -0.974769 0
663 -0.974769 -0.974769 0
664 -0.974769 -0.974769 0
665 -0.974769 -0.974769 0
666 -0.974769 -0.974769 0
667 -0.974769 -0.974769 0
668 -0.974769 -0.974769 0
669 -0.974769 -0.974769 0
670 -0.974769 -0.974769 4.76837e-08
671 -0.974769 -0.974769 4.76837e-08
672 -0.974742 -0.974763 1.08242e-05
673 -0.974742 -0.974763 1.08242e-05
674 -0.974742 -0.974763 1.08242e-05
675 -0.974742 -0.974752 1.32569e-05
676 -0.974742 -0.974742 0
677 -0.974742 -0.974742 0
678 -0.974742 -0.974742 0
679 -0.974742 -0.974742 0
680 -0.974742 -0.974742 0
681 -0.974742 -0.974742 0
682 -0.974742 -0.974742 0
683 -0.974736 -0.97474 2.31266e-06
684 -0.974736 -0.974739 2.83242e-06
685 -0.973941 -0.974577 0.000317812
686 -0.973941 -0.974418 0.000389239
687 -0.973941 -0.974259 0.000389239
688 -0.973831 -0.973919 4.42028e-05
689 -0.973831 -0.973875 5.41372e-05
690 -0.973831 -0.973831 0
691 -0.973831 -0.973831 0
692 -0.973605 -0.973786 9.01461e-05
693 -0.973605 -0.973741 0.000110406
694 -0.973605 -0.973651 9.01461e-05
695 -0.973589 -0.973602 6.67572e-06
696 -0.973589 -0.973592 6.67572e-06
697 -0.973589 -0.973589 0
698 -0.973589 -0.973589 0
699 -0.973589 -0.973589 0
700 -0.973589 -0.973589 0
701 -0.973589 -0.973589 0
702 -0.973589 -0.973589 0
703 -0.973589 -0.973589 0
704 -0.973589 -0.973589 0
705 -0.973589 -0.973589 0
706 -0.973589 -0.973589 0
707 -0.973589 -0.973589 0
708 -0.973589 -0.973589 0
709 -0.973589 -0.973589 0
710 -0.973589 -0.973589 0
711 -0.973424 -0.973556 6.58751e-05
712 -0.973424 -0.97349 8.06801e-05
713 -0.973424 -0.973457 6.58751e-05
714 -0.973424 -0.973424 0
715 -0.973424 -0.973424 0
716 -0.973424 -0.973424 0
717 -0.973424 -0.973424 0
718 -0.973424 -0.973424 0
719 -0.973424 -0.973424 0
720 -0.973424 -0.973424 0
721 -0.973424 -0.973424 0
722 -0.973424 -0.973424 0
723 -0.973424 -0.973424 0
724 -0.973424 -0.973424 0
725 -0.973424 -0.973424 0
726 -0.973424 -0.973424 0
727 -0.973424 -0.973424 0
728 -0.973424 -0.973424 0
729 -0.973424 -0.973424 0
730 -0.973424 -0.973424 0
731 -0.973424 -0.973424 0
732 -0.973423 -0.973424 5.48363e-07
733 -0.973409 -0.973421 5.79036e-06
734 -0.973409 -0.973412 5.48363e-06
735 -0.973409 -0.973409 0
736 -0.973409 -0.973409 0
737 -0.973409 -0.973409 0
738 -0.973409 -0.973409 0
739 -0.973409 -0.973409 0
740 -0.973409 -0.973409 0
741 -0.973409 -0.973409 0
742 -0.973409 -0.973409 0
743 -0.973409 -0.973409 0
744 -0.973409 -0.973409 0
745 -0.973409 -0.973409 0
746 -0.973409 -0.973409 0
747 -0.973409 -0.973409 0
748 -0.973409 -0.973409 0
749 -0.973409 -0.973409 0
750 -0.973409 -0.973409 0
751 -0.973409 -0.973409 0
752 -0.973409 -0.973409 0
753 -0.973409 -0.973409 0
754 -0.973409 -0.973409 0
755 -0.973409 -0.973409 0
756 -0.973409 -0.973409 0
757 -0.973409 -0.973409 0
758 -0.973409 -0.973409 0
759 -0.973409 -0.973409 0
760 -0.973409 -0.973409 0
761 -0.973409 -0.973409 0
762 -0.973409 -0.973409 0
763 -0.973409 -0.973409 0
764 -0.973409 -0.973409 0
765 -0.973409 -0.973409 0
766 -0.973409 -0.973409 0
767 -0.973409 -0.973409 0
768 -0.973409 -0.973409 0
769 -0.973409 -0.973409 0
770 -0.973409 -0.973409 0
771 -0.973409 -0.973409 0
772 -0.970706 -0.972868 0.00108111
773 -0.970706 -0.971787 0.00132408
774 -0.970706 -0.970706 0
775 -0.970706 -0.970706 0
776 -0.970706 -0.970706 0
777 -0.970706 -0.970706 0
778 -0.970706 -0.970706 0
779 -0.970706 -0.970706 0
780 -0.970706 -0.970706 0
781 -0.970706 -0.970706 0
782 -0.970706 -0.970706 0
783 -0.970706 -0.970706 0
784 -0.970706 -0.970706 0
785 -0.970706 -0.970706 0
786 -0.970706 -0.970706 0
787 -0.970706 -0.970706 0
788 -0.970706 -0.970706 0
789 -0.970706 -0.970706 0
790 -0.970706 -0.970706 0
791 -0.970706 -0.970706 0
792 -0.970706 -0.970706 0
793 -0.970706 -0.970706 0
794 -0.969903 -0.970546 0.000321245
795 -0.967511 -0.969746 0.00117386
796 -0.967511 -0.969425 0.000956941
797 -0.967511 -0.96895 0.00116721
798 -0.967511 -0.967526 7.86781e-06
799 -0.967511 -0.967523 9.63606e-06
800 -0.967511 -0.967519 9.63606e-06
801 -0.967511 -0.967511 0
802 -0.967511 -0.967511 0
803 -0.967511 -0.967511 0
804 -0.967511 -0.967511 0
805 -0.967511 -0.967511 0
806 -0.967511 -0.967511 0
807 -0.967511 -0.967511 0
808 -0.967511 -0.967511 0
809 -0.967511 -0.967511 0
810 -0.967511 -0.967511 0
811 -0.967511 -0.967511 0
812 -0.967511 -0.967511 0
813 -0.967511 -0.967511 0
814 -0.958937 -0.965796 0.00342963
815 -0.958937 -0.958937 0
816 -0.958937 -0.958937 0
817 -0.958937 -0.958937 0
818 -0.95548 -0.958239 0.00137966
819 -0.95548 -0.958234 0.00137672
820 -0.95548 -0.956851 0.00167881
821 -0.95548 -0.95548 0
822 -0.95548 -0.95548 0
823 -0.95548 -0.95548 0
824 -0.95548 -0.95548 0
825 -0.95548 -0.95548 0
826 -0.95548 -0.95548 0
827 -0.95548 -0.95548 0
828 -0.955171 -0.955418 0.000123858
829 -0.955171 -0.955356 0.000151695
830 -0.955171 -0.955294 0.000151695
831 -0.955171 -0.955171 0
832 -0.955171 -0.955171 0
833 -0.955171 -0.955171 0
834 -0.955171 -0.955171 0
835 -0.955171 -0.955171 0
836 -0.955171 -0.955171 0
837 -0.955171 -0.955171 0
838 -0.955171 -0.955171 0
839 -0.955171 -0.955171 0
840 -0.955171 -0.955171 0
841 -0.955171 -0.955171 0
842 -0.955171 -0.955171 0
843 -0.955171 -0.955171 0
844 -0.955171 -0.955171 0
845 -0.955141 -0.955165 1.17064e-05
846 -0.955141 -0.955159 1.43373e-05
847 -0.955141 -0.955141 0
848 -0.955141 -0.955141 0
849 -0.953906 -0.954894 0.000494289
850 -0.953906 -0.954894 0.000494289
851 -0.953906 -0.9544 0.000605378
852 -0.953906 -0.953906 0
853 -0.953906 -0.953906 0
854 -0.953906 -0.953906 0
855 -0.953906 -0.953906 0
856 -0.953906 -0.953906 0
857 -0.953906 -0.953906 0
858 -0.953906 -0.953906 0
859 -0.953906 -0.953906 0
860 -0.953906 -0.953906 0
861 -0.953906 -0.953906 0
862 -0.953906 -0.953906 0
863 -0.953906 -0.953906 0
864 -0.952999 -0.953724 0.000362468
865 -0.952999 -0.953543 0.000443931
866 -0.952999 -0.953181 0.000362468
867 -0.952999 -0.952999 0
868 -0.952999 -0.952999 0
869 -0.952999 -0.952999 0
870 -0.952999 -0.952999 0
871 -0.952999 -0.952999 0
872 -0.952999 -0.952999 0
873 -0.952999 -0.952999 0
874 -0.952999 -0.952999 0
875 -0.952999 -0.952999 0
876 -0.952999 -0.952999 0
877 -0.952999 -0.952999 2.38419e-08
878 -0.952999 -0.952999 2.92002e-08
879 -0.952999 -0.952999 0
880 -0.952999 -0.952999 0
881 -0.952999 -0.952999 0
882 -0.952999 -0.952999 0
883 -0.952999 -0.952999 0
884 -0.952999 -0.952999 0
885 -0.952999 -0.952999 0
886 -0.952999 -0.952999 0
887 -0.952999 -0.952999 0
888 -0.952999 -0.952999 0
889 -0.952999 -0.952999 0
890 -0.952999 -0.952999 0
891 -0.952999 -0.952999 0
892 -0.952999 -0.952999 0
893 -0.952999 -0.952999 0
894 -0.952999 -0.952999 0
895 -0.952999 -0.952999 0
896 -0.952999 -0.952999 0
897 -0.951845 -0.952768 0.000461864
898 -0.951845 -0.952538 0.000565666
899 -0.951845 -0.951845 0
900 -0.951845 -0.951845 0
901 -0.951845 -0.951845 0
902 -0.951845 -0.951845 0
903 -0.951839 -0.951844 2.43187e-06
904 -0.951839 -0.951841 2.97842e-06
905 -0.951839 -0.951839 0
906 -0.951839 -0.951839 0
907 -0.951839 -0.951839 0
908 -0.951839 -0.951839 0
909 -0.951839 -0.951839 0
910 -0.951839 -0.951839 0
911 -0.951839 -0.951839 0
912 -0.951839 -0.951839 0
913 -0.951839 -0.951839 0
914 -0.951839 -0.951839 0
915 -0.951839 -0.951839 0
916 -0.951839 -0.951839 0
917 -0.951839 -0.951839 0
918 -0.951839 -0.951839 0
919 -0.951839 -0.951839 0
920 -0.951839 -0.951839 0
921 -0.951816 -0.951834 8.9407e-06
922 -0.951816 -0.95183 1.09501e-05
923 -0.951816 -0.951821 8.9407e-06
924 -0.951816 -0.951816 0
925 -0.951816 -0.951816 0
926 -0.951816 -0.951816 0
927 -0.951816 -0.951816 0
928 -0.951816 -0.951816 0
929 -0.951816 -0.951816 0
930 -0.951816 -0.951816 0
931 -0.951816 -0.951816 0
932 -0.951816 -0.951816 0
933 -0.951816 -0.951816 0
934 -0.951816 -0.951816 0
935 -0.951816 -0.951816 0
936 -0.951816 -0.951816 0
937 -0.951816 -0.951816 0
938 -0.951816 -0.951816 0
939 -0.951816 -0.951816 0
940 -0.951816 -0.951816 0
941 -0.951816 -0.951816 0
942 -0.951816 -0.951816 0
943 -0.951816 -0.951816 0
944 -0.951816 -0.951816 0
945 -0.951779 -0.951809 1.4782e-05
946 -0.951779 -0.951794 1.81041e-05
947 -0.951779 -0.951779 0
948 -0.951779 -0.951779 0
949 -0.951779 -0.951779 0
950 -0.951779 -0.951779 0
951 -0.951779 -0.951779 0
952 -0.951779 -0.951779 0
953 -0.951779 -0.951779 0
954 -0.951779 -0.951779 0
955 -0.951779 -0.951779 0
956 -0.951779 -0.951779 0
957 -0.951779 -0.951779 0
958 -0.951779 -0.951779 0
959 -0.951779 -0.951779 0
960 -0.951779 -0.951779 0
961 -0.951779 -0.951779 0
962 -0.951779 -0.951779 0
963 -0.951779 -0.951779 0
964 -0.951779 -0.951779 0
965 -0.951779 -0.951779 0
966 -0.951779 -0.951779 0
967 -0.951779 -0.951779 0
968 -0.951779 -0.951779 0
969 -0.951779 -0.951779 0
970 -0.951779 -0.951779 0
971 -0.951779 -0.951779 0
972 -0.951779 -0.951779 0
973 -0.951779 -0.951779 0
974 -0.951779 -0.951779 0
975 -0.951779 -0.951779 0
976 -0.951779 -0.951779 0
977 -0.951779 -0.951779 0
978 -0.951779 -0.951779 0
979 -0.951779 -0.951779 0
980 -0.951779 -0.951779 0
981 -0.950456 -0.951515 0.000529504
982 -0.950356 -0.950963 0.000667409
983 -0.950356 -0.950427 3.58343e-05
984 -0.950356 -0.950409 4.38879e-05
985 -0.950356 -0.950356 0
986 -0.950356 -0.950356 0
987 -0.950356 -0.950356 0
988 -0.950356 -0.950356 0
989 -0.950356 -0.950356 0
990 -0.950356 -0.950356 0
991 -0.950356 -0.950356 0
992 -0.950356 -0.950356 0
993 -0.950356 -0.950356 0
994 -0.950356 -0.950356 0
995 -0.950356 -0.950356 0
996 -0.950356 -0.950356 0
997 -0.950356 -0.950356 0
998 -0.950356 -0.950356 0
999 -0.950356 -0.950356 0
1000 -0.950356 -0.950356 0
1001 -0.950356 -0.950356 0
1002 -0.950356 -0.950356 0
1003 -0.950321 -0.950349 1.38044e-05
1004 -0.950321 -0.950349 1.38044e-05
1005 -0.950321 -0.950342 1.69069e-05
1006 -0.950321 -0.950321 0
1007 -0.950321 -0.950321 0
1008 -0.950321 -0.950321 0
1009 -0.950321 -0.950321 0
1010 -0.950321 -0.950321 0
1011 -0.950321 -0.950321 0
1012 -0.950321 -0.950321 0
1013 -0.950321 -0.950321 0
1014 -0.950321 -0.950321 0
1015 -0.950321 -0.950321 0
1016 -0.950321 -0.950321 0
1017 -0.950321 -0.950321 0
1018 -0.950321 -0.950321 0
1019 -0.950321 -0.950321 0
1020 -0.950321 -0.950321 0
1021 -0.950321 -0.950321 0
1022 -0.950321 -0.950321 0
1023 -0.950321 -0.950321 0
1024 -0.950321 -0.950321 0
1025 -0.950321 -0.950321 0
1026 -0.950321 -0.950321 0
1027 -0.950321 -0.950321 0
1028 -0.950321 -0.950321 0
1029 -0.950321 -0.950321 0
1030 -0.950321 -0.950321 0
1031 -0.950321 -0.950321 0
1032 -0.950321 -0.950321 0
1033 -0.950321 -0.950321 0
1034 -0.950321 -0.950321 0
1035 -0.950321 -0.950321 0
1036 -0.950321 -0.950321 0
1037 -0.950321 -0.950321 0
1038 -0.948456 -0.949948 0.00074594
1039 -0.948456 -0.949948 0.00074594
1040 -0.948456 -0.949575 0.000913586
1041 -0.948456 -0.948456 0
1042 -0.948456 -0.948456 0
1043 -0.948456 -0.948456 0
1044 -0.948456 -0.948456 0
1045 -0.948456 -0.948456 0
1046 -0.948456 -0.948456 0
1047 -0.948456 -0.948456 0
1048 -0.948456 -0.948456 0
1049 -0.943669 -0.947499 0.00191503
1050 -0.943669 -0.946541 0.00234542
1051 -0.943669 -0.944626 0.00191503
1052 -0.943669 -0.943669 0
1053 -0.943669 -0.943669 0
1054 -0.943669 -0.943669 0
1055 -0.943669 -0.943669 0
1056 -0.943669 -0.943669 0
1057 -0.943669 -0.943669 0
1058 -0.943669 -0.943669 0
1059 -0.943669 -0.943669 0
1060 -0.943669 -0.943669 0
1061 -0.943669 -0.943669 0
1062 -0.943669 -0.943669 0
1063 -0.943669 -0.943669 0
1064 -0.943669 -0.943669 0
1065 -0.943669 -0.943669 0
1066 -0.943669 -0.943669 0
1067 -0.943669 -0.943669 0
1068 -0.943669 -0.943669 0
1069 -0.943669 -0.943669 0
1070 -0.943669 -0.943669 0
1071 -0.943669 -0.943669 0
1072 -0.943669 -0.943669 0
1073 -0.943669 -0.943669 0
1074 -0.943669 -0.943669 0
1075 -0.943669 -0.943669 0
1076 -0.943669 -0.943669 0
1077 -0.943669 -0.943669 0
1078 -0.943669 -0.943669 0
1079 -0.943669 -0.943669 0
1080 -0.943669 -0.943669 0
1081 -0.943669 -0.943669 0
1082 -0.943669 -0.943669 0
1083 -0.943669 -0.943669 0
1084 -0.943669 -0.943669 0
1085 -0.943669 -0.943669 0
1086 -0.943669 -0.943669 0
1087 -0.943669 -0.943669 0
1088 -0.943669 -0.943669 0
1089 -0.943669 -0.943669 0
1090 -0.943669 -0.943669 0
1091 -0.943669 -0.943669 0
1092 -0.943669 -0.943669 0
1093 -0.943669 -0.943669 0
1094 -0.943669 -0.943669 0
1095 -0.943669 -0.943669 0
1096 -0.943669 -0.943669 0
1097 -0.943669 -0.943669 0
1098 -0.943669 -0.943669 0
1099 -0.943669 -0.943669 0
1100 -0.943669 -0.943669 0
1101 -0.943669 -0.943669 0
1102 -0.943669 -0.943669 0
1103 -0.943669 -0.943669 0
1104 -0.943669 -0.943669 0
1105 -0.943669 -0.943669 0
1106 -0.943669 -0.943669 0
1107 -0.943669 -0.943669 0
1108 -0.943669 -0.943669 0
1109 -0.943669 -0.943669 0
1110 -0.943669 -0.943669 0
1111 -0.943669 -0.943669 0
1112 -0.943669 -0.943669 0
1113 -0.943669 -0.943669 0
1114 -0.943669 -0.943669 0
1115 -0.943669 -0.943669 0
1116 -0.943669 -0.943669 0
1117 -0.943669 -0.943669 0
1118 -0.943669 -0.943669 0
1119 -0.943669 -0.943669 0
1120 -0.943669 -0.943669 0
1121 -0.943669 -0.943669 0
1122 -0.943669 -0.943669 0
1123 -0.943669 -0.943669 0
1124 -0.943669 -0.943669 0
1125 -0.943669 -0.943669 0
1126 -0.943669 -0.943669 0
1127 -0.943669 -0.943669 0
1128 -0.943669 -0.943669 0
1129 -0.934657 -0.941866 0.00360465
1130 -0.929216 -0.933569 0.0021764
1131 -0.908347 -0.926131 0.00913787
1132 -0.907851 -0.912422 0.00839931
1133 -0.884646 -0.90301 0.00920628
1134 -0.884646 -0.893329 0.0106342
1135 -0.884646 -0.884646 0
1136 -0.883168 -0.88435 0.00059123
1137 -0.876122 -0.88235 0.00318318
1138 -0.876122 -0.88035 0.00345155
1139 -0.876122 -0.87894 0.00345155
1140 -0.876122 -0.876122 0
1141 -0.876122 -0.876122 0
1142 -0.876122 -0.876122 0
1143 -0.876122 -0.876122 0
1144 -0.876122 -0.876122 0
1145 -0.876122 -0.876122 0
1146 -0.876122 -0.876122 0
1147 -0.876122 -0.876122 0
1148 -0.876122 -0.876122 0
1149 -0.876122 -0.876122 0
1150 -0.870589 -0.875016 0.00221312
1151 -0.857621 -0.869102 0.00612746
1152 -0.842411 -0.859766 0.0104374
1153 -0.842411 -0.850827 0.00699306
1154 -0.842411 -0.843968 0.00311484
1155 -0.842411 -0.842411 0
1156 -0.842411 -0.842411 0
1157 -0.842411 -0.842411 0
1158 -0.842411 -0.842411 0
1159 -0.842411 -0.842411 0
1160 -0.842411 -0.842411 0
1161 -0.842411 -0.842411 0
1162 -0.842411 -0.842411 0
1163 -0.842411 -0.842411 0
1164 -0.84003 -0.841935 0.000952411
1165 -0.84003 -0.841935 0.000952411
1166 -0.839517 -0.84088 0.00126417
1167 -0.839077 -0.839634 0.00036097
1168 -0.839077 -0.839253 0.000215731
1169 -0.839077 -0.839077 0
1170 -0.838918 -0.839045 6.33478e-05
1171 -0.838918 -0.839013 7.75849e-05
1172 -0.838918 -0.83895 6.33478e-05
1173 -0.838918 -0.838918 0
1174 -0.838918 -0.838918 0
1175 -0.838918 -0.838918 0
1176 -0.838918 -0.838918 0
1177 -0.838918 -0.838918 0
1178 -0.838918 -0.838918 0
1179 -0.838918 -0.838918 0
1180 -0.838918 -0.838918 1.43051e-07
1181 -0.838918 -0.838918 1.75201e-07
1182 -0.838918 -0.838918 0
1183 -0.838918 -0.838918 0
1184 -0.838918 -0.838918 0
1185 -0.838918 -0.838918 0
1186 -0.838918 -0.838918 0
1187 -0.838918 -0.838918 0
1188 -0.828902 -0.836915 0.00400627
1189 -0.812854 -0.827696 0.00837363
1190 -0.812854 -0.822483 0.00786212
1191 -0.799441 -0.813381 0.00933892
1192 -0.798995 -0.802034 0.00541251
1193 -0.798995 -0.799173 0.000218067
1194 -0.798995 -0.798995 0
1195 -0.798995 -0.798995 0
1196 -0.798995 -0.798995 0
1197 -0.798995 -0.798995 0
1198 -0.798995 -0.798995 0
1199 -0.798995 -0.798995 0
1200 -0.793828 -0.797962 0.00206678
1201 -0.793828 -0.797962 0.00206678
1202 -0.793828 -0.795828 0.00245091
1203 -0.793828 -0.793828 0
1204 -0.793828 -0.793828 0
1205 -0.793828 -0.793828 0
1206 -0.793828 -0.793828 0
1207 -0.790139 -0.793091 0.00147569
1208 -0.790139 -0.792353 0.00180735
1209 -0.782571 -0.789799 0.00387406
1210 -0.782571 -0.78644 0.00338876
1211 -0.782571 -0.782571 0
1212 -0.771896 -0.780436 0.00426991
1213 -0.771896 -0.778301 0.00522955
1214 -0.771896 -0.7721 0.0004076
1215 -0.769827 -0.771482 0.000827813
1216 -0.750877 -0.766865 0.00804713
1217 -0.750877 -0.762247 0.00928335
1218 -0.742646 -0.749231 0.00329237
1219 -0.742646 -0.749231 0.00329237
1220 -0.738349 -0.746725 0.0052635
1221 -0.738349 -0.746725 0.0052635
1222 -0.738349 -0.742573 0.00457518
1223 -0.738349 -0.738349 0
1224 -0.738349 -0.738349 0
1225 -0.738349 -0.738349 0
1226 -0.738349 -0.738349 0
1227 -0.738349 -0.738349 0
1228 -0.73477 -0.737633 0.00143142
1229 -0.73477 -0.736202 0.00175312
1230 -0.73477 -0.73477 0
1231 -0.692763 -0.726369 0.0168029
1232 -0.692763 -0.726369 0.0168029
1233 -0.692763 -0.717967 0.0205792
1234 -0.692763 -0.692763 0
1235 -0.692763 -0.692763 0
1236 -0.692763 -0.692763 0
1237 -0.692763 -0.692763 0
1238 -0.692763 -0.692763 0
1239 -0.692763 -0.692763 0
1240 -0.692763 -0.692763 0
1241 -0.692763 -0.692763 0
1242 -0.692763 -0.692763 0
1243 -0.692763 -0.692763 0
1244 -0.692763 -0.692763 0
1245 -0.692763 -0.692763 0
1246 -0.692763 -0.692763 0
1247 -0.692763 -0.692763 0
1248 -0.692763 -0.692763 0
1249 -0.692763 -0.692763 0
1250 -0.692763 -0.692763 0
1251 -0.692763 -0.692763 0
1252 -0.692763 -0.692763 0
1253 -0.692763 -0.692763 0
1254 -0.692763 -0.692763 0
1255 -0.692763 -0.692763 0
1256 -0.692763 -0.692763 0
1257 -0.692763 -0.692763 0
1258 -0.692763 -0.692763 0
1259 -0.692763 -0.692763 0
1260 -0.692763 -0.692763 0
1261 -0.692763 -0.692763 0
1262 -0.692763 -0.692763 0
1263 -0.692763 -0.692763 0
1264 -0.692763 -0.692763 0
1265 -0.690119 -0.691705 0.00129515
1266 -0.690119 -0.691705 0.00129515
1267 -0.690119 -0.691705 0.00129515
1268 -0.690119 -0.691177 0.00129515
1269 -0.690119 -0.690119 0
1270 -0.690119 -0.690119 0
1271 -0.690119 -0.690119 0
1272 -0.690119 -0.690119 0
1273 -0.690119 -0.690119 0
1274 -0.690119 -0.690119 0
1275 -0.690119 -0.690119 0
1276 -0.690119 -0.690119 0
1277 -0.690119 -0.690119 0
1278 -0.690119 -0.690119 0
1279 -0.690119 -0.690119 0
1280 -0.690119 -0.690119 0
1281 -0.690119 -0.690119 0
1282 -0.690119 -0.690119 0
1283 -0.690119 -0.690119 0
1284 -0.690119 -0.690119 0
1285 -0.690119 -0.690119 0
1286 -0.690119 -0.690119 0
1287 -0.690119 -0.690119 0
1288 -0.690119 -0.690119 0
1289 -0.690119 -0.690119 0
1290 -0.690119 -0.690119 0
1291 -0.690119 -0.690119 0
1292 -0.690119 -0.690119 0
1293 -0.690119 -0.690119 0
1294 -0.690119 -0.690119 0
1295 -0.690119 -0.690119 0
1296 -0.690119 -0.690119 0
1297 -0.690119 -0.690119 0
1298 -0.690119 -0.690119 0
1299 -0.690119 -0.690119 0
1300 -0.690119 -0.690119 0
1301 -0.690119 -0.690119 0
1302 -0.690119 -0.690119 0
1303 -0.690119 -0.690119 0
1304 -0.690119 -0.690119 0
1305 -0.690119 -0.690119 0
1306 -0.690119 -0.690119 0
1307 -0.690119 -0.690119 0
1308 -0.690119 -0.690119 0
1309 -0.690119 -0.690119 0
1310 -0.690119 -0.690119 0
1311 -0.690119 -0.690119 0
1312 -0.690119 -0.690119 0
1313 -0.690119 -0.690119 0
1314 -0.690119 -0.690119 0
1315 -0.690119 -0.690119 0
1316 -0.690119 -0.690119 0
1317 -0.690119 -0.690119 0
1318 -0.690119 -0.690119 0
1319 -0.690119 -0.690119 0
1320 -0.690119 -0.690119 0
1321 -0.690119 -0.690119 0
1322 -0.690119 -0.690119 0
1323 -0.690119 -0.690119 0
1324 -0.690119 -0.690119 0
1325 -0.690119 -0.690119 0
1326 -0.690119 -0.690119 0
1327 -0.690119 -0.690119 0
1328 -0.690119 -0.690119 0
1329 -0.690119 -0.690119 0
1330 -0.690119 -0.690119 0
1331 -0.690119 -0.690119 0
1332 -0.690119 -0.690119 0
1333 -0.690119 -0.690119 0
1334 -0.690119 -0.690119 0
1335 -0.690119 -0.690119 0
1336 -0.690119 -0.690119 0
1337 -0.690119 -0.690119 0
1338 -0.690119 -0.690119 0
1339 -0.690119 -0.690119 0
1340 -0.690119 -0.690119 0
1341 -0.690119 -0.690119 0
1342 -0.690119 -0.690119 0
1343 -0.690119 -0.690119 0
1344 -0.690119 -0.690119 0
1345 -0.690119 -0.690119 0
1346 -0.690119 -0.690119 0
1347 -0.690119 -0.690119 0
1348 -0.690119 -0.690119 0
1349 -0.690119 -0.690119 0
1350 -0.690119 -0.690119 0
1351 -0.690119 -0.690119 0
1352 -0.690119 -0.690119 0
1353 -0.690119 -0.690119 0
