1 -2.73142 -8000.55 3998.91
2 -2.73136 -6001.09 4897.64
3 -2.73131 -2.73139 5.85069e-05
4 -2.73131 -2.73136 3.34736e-05
5 -2.73131 -2.73136 3.16253e-05
6 -2.73131 -2.73134 1.87588e-05
7 -2.73131 -2.73133 1.51253e-05
8 -2.73131 -2.73132 1.30165e-05
9 -2.7313 -2.73131 7.94388e-06
10 -2.73129 -2.7313 1.00061e-05
11 -2.73123 -2.73128 2.23476e-05
12 -2.73123 -2.73125 2.4571e-05
13 -2.73123 -2.73125 2.4571e-05
14 -2.73123 -2.73124 2.12572e-05
15 -2.73123 -2.73123 7.35412e-06
16 -2.73121 -2.73122 7.3104e-06
17 -2.73121 -2.73122 5.9147e-06
18 -2.73121 -2.73122 5.9147e-06
19 -2.73121 -2.73122 6.01344e-06
20 -2.73121 -2.73122 6.01344e-06
21 -2.73121 -2.73122 6.01344e-06
22 -2.73121 -2.73122 5.5424e-06
23 -2.73121 -2.73122 5.49378e-06
24 -2.73121 -2.73122 4.77076e-06
25 -2.73121 -2.73122 3.69664e-06
26 -2.73121 -2.73122 3.69664e-06
27 -2.73121 -2.73122 3.69664e-06
28 -2.73121 -2.73122 2.85545e-06
29 -2.73121 -2.73122 2.85545e-06
30 -2.73121 -2.73122 2.85545e-06
31 -2.73121 -2.73122 2.85545e-06
32 -2.73121 -2.73122 2.85545e-06
33 -2.73121 -2.73122 2.85545e-06
34 -2.73121 -2.73122 2.85545e-06
35 -2.73121 -2.73122 2.85545e-06
36 -2.73121 -2.73122 2.85545e-06
37 -2.73121 -2.73122 2.66176e-06
38 -2.73121 -2.73122 2.66176e-06
39 -2.73121 -2.73121 2.42391e-06
40 -2.73121 -2.73121 2.42391e-06
41 -2.73121 -2.73121 1.7429e-06
42 -2.73121 -2.73121 2.3956e-06
43 -2.73121 -2.73121 2.3956e-06
44 -2.73121 -2.73121 2.3956e-06
45 -2.73121 -2.73121 2.3956e-06
46 -2.73121 -2.73121 2.35057e-06
47 -2.73121 -2.73121 2.35057e-06
48 -2.73121 -2.73121 1.7429e-06
49 -2.73121 -2.73121 1.7429e-06
50 -2.73121 -2.73121 1.7429e-06
51 -2.73121 -2.73121 1.7429e-06
52 -2.73121 -2.73121 1.7429e-06
53 -2.7312 -2.73121 5.61697e-06
54 -2.7312 -2.73121 5.61697e-06
55 -2.7312 -2.73121 5.61697e-06
56 -2.7312 -2.73121 5.61697e-06
57 -2.7312 -2.73121 5.61697e-06
58 -2.7312 -2.73121 5.61697e-06
59 -2.7312 -2.73121 5.61697e-06
60 -2.7312 -2.73121 5.61697e-06
61 -2.7312 -2.73121 5.61697e-06
62 -2.7312 -2.73121 5.61697e-06
63 -2.7312 -2.73121 5.24391e-06
64 -2.7312 -2.73121 5.24391e-06
65 -2.7312 -2.73121 5.24391e-06
66 -2.7312 -2.73121 4.8614e-06
67 -2.7312 -2.73121 4.8614e-06
68 -2.7312 -2.73121 4.8614e-06
69 -2.7312 -2.73121 4.8614e-06
70 -2.7312 -2.73121 4.8614e-06
71 -2.7312 -2.73121 4.8614e-06
72 -2.7312 -2.7312 6.10165e-06
73 -2.7312 -2.7312 6.10165e-06
74 -2.7312 -2.7312 6.10165e-06
75 -2.7312 -2.7312 6.10165e-06
76 -2.7312 -2.7312 6.10165e-06
77 -2.7312 -2.7312 6.10165e-06
78 -2.7312 -2.7312 6.10165e-06
79 -2.7312 -2.7312 6.10165e-06
80 -2.7312 -2.7312 6.10165e-06
81 -2.7312 -2.7312 6.10165e-06
82 -2.7312 -2.7312 6.10165e-06
83 -2.7312 -2.7312 6.10165e-06
84 -2.7312 -2.7312 6.10165e-06
85 -2.7312 -2.7312 6.10165e-06
86 -2.7312 -2.7312 6.10165e-06
87 -2.7312 -2.7312 6.10165e-06
88 -2.7312 -2.7312 5.32822e-06
89 -2.7312 -2.7312 5.32822e-06
90 -2.7312 -2.7312 5.32822e-06
91 -2.7312 -2.7312 5.32822e-06
92 -2.7312 -2.7312 5.32822e-06
93 -2.7312 -2.7312 5.32822e-06
94 -2.7312 -2.7312 5.32822e-06
95 -2.7312 -2.7312 5.32822e-06
96 -2.7312 -2.7312 5.32822e-06
97 -2.7312 -2.7312 5.32822e-06
98 -2.7312 -2.7312 5.32822e-06
99 -2.7312 -2.7312 5.32822e-06
100 -2.7312 -2.7312 5.32822e-06
