1 -0.922311 -0.922595 0.000220881
2 -0.765496 -0.890704 0.0626067
3 -0.747238 -0.837265 0.0742066
4 -0.733407 -0.799484 0.0692082
5 -0.659358 -0.747173 0.0550605
6 -0.659358 -0.747173 0.0550605
7 -0.659358 -0.747173 0.0550605
8 -0.659358 -0.731017 0.0372494
9 -0.659358 -0.731017 0.0372494
10 -0.659358 -0.721568 0.0330617
11 -0.659358 -0.721568 0.0330617
12 -0.659358 -0.708755 0.0310236
13 -0.659358 -0.708755 0.0310236
14 -0.659358 -0.697873 0.0257428
15 -0.659358 -0.697873 0.0257428
16 -0.659358 -0.682611 0.0153251
17 -0.659358 -0.677698 0.0112728
18 -0.659358 -0.677698 0.0112728
19 -0.659358 -0.674261 0.00951675
20 -0.639133 -0.664393 0.0141283
21 -0.639133 -0.664393 0.0141283
22 -0.639133 -0.664393 0.0141283
23 -0.639133 -0.664393 0.0141283
24 -0.639133 -0.662557 0.0126502
25 -0.639133 -0.662557 0.0126502
26 -0.639133 -0.662557 0.0126502
27 -0.639133 -0.662557 0.0126502
28 -0.639133 -0.662557 0.0126502
29 -0.639133 -0.662557 0.0126502
30 -0.639133 -0.662557 0.0126502
31 -0.639133 -0.662557 0.0126502
32 -0.639133 -0.662557 0.0126502
33 -0.639133 -0.662557 0.0126502
34 -0.639133 -0.662557 0.0126502
35 -0.639133 -0.662557 0.0126502
36 -0.622263 -0.64854 0.0164684
37 -0.622263 -0.646145 0.0138918
38 -0.622263 -0.646145 0.0138918
39 -0.622263 -0.646145 0.0138918
40 -0.622263 -0.646145 0.0138918
41 -0.622263 -0.646145 0.0138918
42 -0.622263 -0.646145 0.0138918
43 -0.622263 -0.646145 0.0138918
44 -0.622263 -0.646145 0.0138918
45 -0.622263 -0.646145 0.0138918
46 -0.622263 -0.643798 0.0123691
47 -0.622263 -0.643798 0.0123691
48 -0.622263 -0.643798 0.0123691
49 -0.622263 -0.641163 0.0103733
50 -0.622263 -0.641163 0.0103733
51 -0.622263 -0.641163 0.0103733
52 -0.622263 -0.641163 0.0103733
53 -0.622263 -0.641163 0.0103733
54 -0.622263 -0.638665 0.00877383
55 -0.622263 -0.638665 0.00877383
56 -0.622263 -0.638665 0.00877383
57 -0.622263 -0.638665 0.00877383
58 -0.622263 -0.638665 0.00877383
59 -0.622263 -0.638665 0.00877383
60 -0.622263 -0.638665 0.00877383
61 -0.622263 -0.638665 0.00877383
62 -0.622263 -0.63693 0.00761121
63 -0.622263 -0.63693 0.00761121
64 -0.622263 -0.63693 0.00761121
65 -0.622263 -0.63693 0.00761121
66 -0.622263 -0.633721 0.00710656
67 -0.622263 -0.633721 0.00710656
68 -0.622263 -0.633721 0.00710656
69 -0.622263 -0.633721 0.00710656
70 -0.622263 -0.633721 0.00710656
71 -0.622263 -0.633721 0.00710656
72 -0.622263 -0.633721 0.00710656
73 -0.622263 -0.633721 0.00710656
74 -0.622263 -0.633721 0.00710656
75 -0.622263 -0.633721 0.00710656
76 -0.622263 -0.633721 0.00710656
77 -0.569396 -0.619641 0.0259309
78 -0.569396 -0.61886 0.0253849
79 -0.569396 -0.61886 0.0253849
80 -0.569396 -0.61886 0.0253849
81 -0.569396 -0.609762 0.024696
82 -0.569396 -0.599881 0.0222982
83 -0.569396 -0.599881 0.0222982
84 -0.569396 -0.599881 0.0222982
85 -0.569396 -0.599881 0.0222982
86 -0.569396 -0.599881 0.0222982
87 -0.569396 -0.599881 0.0222982
88 -0.569396 -0.599881 0.0222982
89 -0.569396 -0.599881 0.0222982
90 -0.569396 -0.599881 0.0222982
91 -0.569396 -0.599881 0.0222982
92 -0.569396 -0.599881 0.0222982
93 -0.552893 -0.584767 0.0233877
94 -0.552893 -0.584767 0.0233877
95 -0.552893 -0.584767 0.0233877
96 -0.552893 -0.584767 0.0233877
97 -0.552893 -0.584767 0.0233877
98 -0.552893 -0.584767 0.0233877
99 -0.552893 -0.582759 0.0203113
100 -0.552893 -0.582759 0.0203113
