1 -1.15025 -1.15036 0.00010826
2 -1.15009 -1.15022 8.66629e-05
3 -1.1499 -1.15011 0.000112853
4 -1.14878 -1.14979 0.000512582
5 -1.14878 -1.14934 0.000374552
6 -1.14878 -1.14918 0.000280465
7 -1.14876 -1.14901 0.000221309
8 -1.14876 -1.14889 0.00015238
9 -1.14876 -1.14889 0.00015238
10 -1.14876 -1.14877 1.04553e-05
11 -1.14851 -1.14868 0.000106228
12 -1.1482 -1.14853 0.000181471
13 -1.1482 -1.14849 0.000150598
14 -1.1455 -1.14783 0.00117523
15 -1.1455 -1.14778 0.00114878
16 -1.14528 -1.14653 0.00141071
17 -1.14528 -1.14653 0.00141071
18 -1.14528 -1.14653 0.00141071
19 -1.14528 -1.14653 0.00141071
20 -1.14427 -1.14572 0.00131317
21 -1.14427 -1.1451 0.000434177
22 -1.14427 -1.1451 0.000434177
23 -1.14427 -1.1451 0.000434177
24 -1.14427 -1.14496 0.00036335
25 -1.14427 -1.14496 0.00036335
26 -1.14427 -1.14496 0.00036335
27 -1.14427 -1.14496 0.00036335
28 -1.14427 -1.14496 0.00036335
29 -1.14427 -1.1449 0.000327577
30 -1.12898 -1.14149 0.00625904
31 -1.12898 -1.14149 0.00625904
32 -1.12898 -1.14149 0.00625904
33 -1.12898 -1.14008 0.00611177
34 -1.12898 -1.14008 0.00611177
35 -1.12617 -1.13632 0.00755638
36 -1.10722 -1.12891 0.0126062
37 -1.10722 -1.12541 0.0100228
38 -1.10722 -1.12541 0.0100228
39 -1.10722 -1.12541 0.0100228
40 -1.10722 -1.11602 0.00872908
41 -1.10722 -1.11602 0.00872908
42 -1.10722 -1.11602 0.00872908
43 -1.10722 -1.11602 0.00872908
44 -1.10722 -1.11602 0.00872908
45 -1.10722 -1.11602 0.00872908
46 -1.10722 -1.11602 0.00872908
47 -1.10722 -1.11602 0.00872908
48 -1.06081 -1.10283 0.022106
49 -0.933342 -1.06426 0.0680988
50 -0.933342 -1.06426 0.0680988
51 -0.933342 -1.04762 0.064367
52 -0.933342 -1.04762 0.064367
53 -0.933342 -1.00841 0.044352
54 -0.933342 -1.00841 0.044352
55 -0.933342 -0.979588 0.0388884
56 -0.933342 -0.977246 0.0360829
57 -0.933342 -0.977246 0.0360829
58 -0.933342 -0.977246 0.0360829
59 -0.933342 -0.967931 0.0299912
60 -0.933342 -0.967931 0.0299912
61 -0.933342 -0.967931 0.0299912
62 -0.933342 -0.967931 0.0299912
63 -0.933342 -0.967931 0.0299912
64 -0.933342 -0.967931 0.0299912
65 -0.933342 -0.967931 0.0299912
66 -0.933342 -0.964336 0.0251714
67 -0.933342 -0.964336 0.0251714
68 -0.933342 -0.964336 0.0251714
69 -0.933342 -0.964336 0.0251714
70 -0.933342 -0.964336 0.0251714
71 -0.933342 -0.952871 0.021821
72 -0.933342 -0.952871 0.021821
73 -0.933342 -0.952871 0.021821
74 -0.933342 -0.952871 0.021821
75 -0.933342 -0.952871 0.021821
76 -0.933342 -0.952871 0.021821
77 -0.933342 -0.952871 0.021821
78 -0.933342 -0.952871 0.021821
79 -0.933342 -0.952871 0.021821
80 -0.933342 -0.952871 0.021821
81 -0.933342 -0.952871 0.021821
82 -0.933342 -0.952871 0.021821
83 -0.879871 -0.931491 0.0292402
84 -0.879871 -0.931491 0.0292402
85 -0.879871 -0.931491 0.0292402
86 -0.879871 -0.931491 0.0292402
87 -0.879871 -0.931491 0.0292402
88 -0.787639 -0.894838 0.0577891
89 -0.787639 -0.892871 0.0564794
90 -0.769996 -0.859563 0.0686945
91 -0.769996 -0.859563 0.0686945
92 -0.769996 -0.859563 0.0686945
93 -0.769996 -0.859563 0.0686945
94 -0.769996 -0.859563 0.0686945
95 -0.769996 -0.859563 0.0686945
96 -0.769996 -0.859563 0.0686945
97 -0.769996 -0.859563 0.0686945
98 -0.769996 -0.859563 0.0686945
99 -0.769996 -0.859563 0.0686945
100 -0.769996 -0.850747 0.0609729
101 -0.769996 -0.846588 0.0562066
102 -0.769996 -0.846588 0.0562066
103 -0.769996 -0.846588 0.0562066
104 -0.769996 -0.846588 0.0562066
105 -0.769996 -0.846588 0.0562066
106 -0.769996 -0.846588 0.0562066
107 -0.769996 -0.846588 0.0562066
108 -0.769996 -0.846588 0.0562066
109 -0.769996 -0.846588 0.0562066
110 -0.769996 -0.846588 0.0562066
111 -0.769996 -0.846588 0.0562066
112 -0.769996 -0.846588 0.0562066
113 -0.769996 -0.846588 0.0562066
114 -0.769996 -0.846588 0.0562066
115 -0.769996 -0.846588 0.0562066
116 -0.769996 -0.846588 0.0562066
117 -0.769996 -0.846588 0.0562066
118 -0.769996 -0.846588 0.0562066
119 -0.769996 -0.846588 0.0562066
120 -0.769996 -0.846588 0.0562066
121 -0.769996 -0.846588 0.0562066
122 -0.769996 -0.846588 0.0562066
123 -0.769996 -0.84173 0.0517883
124 -0.769996 -0.84173 0.0517883
125 -0.769996 -0.837915 0.0487009
126 -0.769996 -0.837915 0.0487009
127 -0.765514 -0.814794 0.0501218
128 -0.765514 -0.814794 0.0501218
129 -0.765514 -0.814794 0.0501218
130 -0.765514 -0.814794 0.0501218
131 -0.765514 -0.814794 0.0501218
132 -0.765514 -0.814794 0.0501218
133 -0.765514 -0.814794 0.0501218
134 -0.765514 -0.814794 0.0501218
135 -0.765514 -0.814794 0.0501218
136 -0.765514 -0.814794 0.0501218
137 -0.765514 -0.814794 0.0501218
138 -0.765514 -0.814794 0.0501218
139 -0.765514 -0.814794 0.0501218
140 -0.765514 -0.814794 0.0501218
141 -0.765514 -0.814794 0.0501218
142 -0.765514 -0.814794 0.0501218
143 -0.765514 -0.814794 0.0501218
144 -0.765514 -0.814794 0.0501218
145 -0.765514 -0.791349 0.0245196
146 -0.765514 -0.791349 0.0245196
147 -0.719648 -0.768532 0.0273771
148 -0.719648 -0.768532 0.0273771
149 -0.719648 -0.768532 0.0273771
150 -0.719648 -0.768532 0.0273771
151 -0.719648 -0.768532 0.0273771
152 -0.719648 -0.768532 0.0273771
153 -0.719648 -0.768532 0.0273771
154 -0.719648 -0.768532 0.0273771
155 -0.719648 -0.768532 0.0273771
156 -0.719648 -0.768532 0.0273771
157 -0.719648 -0.768532 0.0273771
158 -0.719648 -0.768532 0.0273771
159 -0.719648 -0.768532 0.0273771
160 -0.719648 -0.768532 0.0273771
161 -0.719648 -0.768532 0.0273771
162 -0.719648 -0.768532 0.0273771
163 -0.719648 -0.768532 0.0273771
164 -0.719648 -0.768532 0.0273771
165 -0.719648 -0.768532 0.0273771
166 -0.719648 -0.768532 0.0273771
167 -0.719648 -0.768532 0.0273771
168 -0.719648 -0.768532 0.0273771
169 -0.719648 -0.768532 0.0273771
170 -0.719648 -0.768532 0.0273771
171 -0.719648 -0.768532 0.0273771
172 -0.719648 -0.768532 0.0273771
173 -0.719648 -0.768532 0.0273771
174 -0.719648 -0.768532 0.0273771
175 -0.719648 -0.768532 0.0273771
176 -0.719648 -0.768532 0.0273771
177 -0.719648 -0.768532 0.0273771
178 -0.719648 -0.76017 0.0224773
179 -0.719648 -0.76017 0.0224773
180 -0.719648 -0.76017 0.0224773
181 -0.719648 -0.76017 0.0224773
182 -0.719648 -0.76017 0.0224773
183 -0.716484 -0.745939 0.0230975
184 -0.716484 -0.745939 0.0230975
185 -0.716484 -0.745939 0.0230975
186 -0.716484 -0.745939 0.0230975
187 -0.716484 -0.745939 0.0230975
188 -0.716484 -0.745939 0.0230975
189 -0.716484 -0.745939 0.0230975
190 -0.716484 -0.745939 0.0230975
191 -0.716484 -0.745939 0.0230975
192 -0.716484 -0.745939 0.0230975
193 -0.716484 -0.745939 0.0230975
194 -0.716484 -0.745334 0.0224908
195 -0.716484 -0.745334 0.0224908
196 -0.716484 -0.745334 0.0224908
197 -0.716484 -0.745334 0.0224908
198 -0.716484 -0.745334 0.0224908
199 -0.716484 -0.745334 0.0224908
200 -0.716484 -0.745334 0.0224908
201 -0.716484 -0.745334 0.0224908
202 -0.716484 -0.745334 0.0224908
203 -0.716484 -0.745334 0.0224908
204 -0.716484 -0.745334 0.0224908
205 -0.716484 -0.745334 0.0224908
206 -0.716484 -0.745334 0.0224908
207 -0.716484 -0.745334 0.0224908
208 -0.716484 -0.745334 0.0224908
209 -0.716484 -0.745334 0.0224908
210 -0.716484 -0.745334 0.0224908
211 -0.716484 -0.745334 0.0224908
212 -0.716484 -0.745334 0.0224908
213 -0.716484 -0.745334 0.0224908
214 -0.716484 -0.745334 0.0224908
215 -0.716484 -0.745334 0.0224908
216 -0.716484 -0.745334 0.0224908
217 -0.716484 -0.745334 0.0224908
218 -0.716484 -0.735869 0.0213211
219 -0.716484 -0.735869 0.0213211
220 -0.716484 -0.733968 0.0188769
221 -0.716484 -0.733968 0.0188769
222 -0.716484 -0.733968 0.0188769
223 -0.716484 -0.733968 0.0188769
224 -0.716484 -0.726545 0.0148052
225 -0.716484 -0.726545 0.0148052
226 -0.716484 -0.726545 0.0148052
227 -0.716484 -0.722932 0.00764738
228 -0.716484 -0.722932 0.00764738
229 -0.716484 -0.722932 0.00764738
230 -0.716484 -0.722932 0.00764738
231 -0.716484 -0.722932 0.00764738
232 -0.716484 -0.722932 0.00764738
233 -0.716484 -0.722932 0.00764738
234 -0.716484 -0.722932 0.00764738
235 -0.716484 -0.722932 0.00764738
236 -0.716484 -0.722932 0.00764738
237 -0.716484 -0.722932 0.00764738
238 -0.716484 -0.722932 0.00764738
239 -0.716484 -0.722932 0.00764738
240 -0.716484 -0.722932 0.00764738
241 -0.716484 -0.722932 0.00764738
242 -0.716484 -0.722932 0.00764738
243 -0.716484 -0.722932 0.00764738
244 -0.716484 -0.722932 0.00764738
245 -0.716484 -0.722932 0.00764738
246 -0.716484 -0.722932 0.00764738
247 -0.716484 -0.722932 0.00764738
248 -0.716484 -0.722932 0.00764738
249 -0.716484 -0.722932 0.00764738
250 -0.716484 -0.722932 0.00764738
251 -0.716484 -0.722932 0.00764738
252 -0.716484 -0.722932 0.00764738
253 -0.711568 -0.717657 0.00338042
254 -0.711568 -0.717657 0.00338042
255 -0.711568 -0.717657 0.00338042
256 -0.711568 -0.717657 0.00338042
257 -0.711568 -0.717657 0.00338042
258 -0.711568 -0.717657 0.00338042
259 -0.711568 -0.717657 0.00338042
260 -0.711568 -0.717657 0.00338042
261 -0.711568 -0.717657 0.00338042
262 -0.711568 -0.717657 0.00338042
263 -0.711568 -0.717657 0.00338042
264 -0.711568 -0.717657 0.00338042
265 -0.711568 -0.717657 0.00338042
266 -0.711568 -0.717657 0.00338042
267 -0.711568 -0.717657 0.00338042
268 -0.711568 -0.717657 0.00338042
269 -0.711568 -0.717657 0.00338042
270 -0.711568 -0.717657 0.00338042
271 -0.711568 -0.717657 0.00338042
272 -0.711568 -0.717657 0.00338042
273 -0.711568 -0.717657 0.00338042
274 -0.711568 -0.717657 0.00338042
275 -0.711568 -0.717657 0.00338042
276 -0.711568 -0.717657 0.00338042
277 -0.711568 -0.717657 0.00338042
278 -0.711568 -0.717657 0.00338042
279 -0.711568 -0.717657 0.00338042
280 -0.711568 -0.717657 0.00338042
281 -0.711568 -0.717657 0.00338042
282 -0.711568 -0.717657 0.00338042
283 -0.711568 -0.717657 0.00338042
284 -0.711568 -0.717657 0.00338042
285 -0.711568 -0.717657 0.00338042
286 -0.711568 -0.717657 0.00338042
287 -0.711568 -0.717657 0.00338042
288 -0.711568 -0.717657 0.00338042
289 -0.711568 -0.717657 0.00338042
290 -0.711568 -0.717657 0.00338042
291 -0.711568 -0.717657 0.00338042
292 -0.711568 -0.717657 0.00338042
293 -0.711568 -0.717657 0.00338042
294 -0.711568 -0.717657 0.00338042
295 -0.711568 -0.717657 0.00338042
296 -0.711568 -0.717657 0.00338042
297 -0.711568 -0.717657 0.00338042
298 -0.661047 -0.705679 0.0225112
299 -0.661047 -0.705679 0.0225112
300 -0.661047 -0.705679 0.0225112
301 -0.661047 -0.682658 0.0256658
302 -0.661047 -0.682658 0.0256658
303 -0.661047 -0.682658 0.0256658
304 -0.661047 -0.682658 0.0256658
305 -0.661047 -0.682658 0.0256658
306 -0.661047 -0.682658 0.0256658
307 -0.661047 -0.682658 0.0256658
308 -0.661047 -0.682658 0.0256658
309 -0.661047 -0.682658 0.0256658
310 -0.661047 -0.682658 0.0256658
311 -0.661047 -0.682658 0.0256658
312 -0.661047 -0.682658 0.0256658
313 -0.661047 -0.682658 0.0256658
314 -0.661047 -0.682658 0.0256658
315 -0.661047 -0.682658 0.0256658
316 -0.661047 -0.682658 0.0256658
317 -0.661047 -0.682658 0.0256658
318 -0.661047 -0.682658 0.0256658
319 -0.661047 -0.682658 0.0256658
320 -0.661047 -0.682658 0.0256658
321 -0.661047 -0.682658 0.0256658
322 -0.661047 -0.682658 0.0256658
323 -0.661047 -0.682658 0.0256658
324 -0.661047 -0.682658 0.0256658
325 -0.661047 -0.682658 0.0256658
326 -0.661047 -0.682658 0.0256658
327 -0.661047 -0.682658 0.0256658
328 -0.661047 -0.682658 0.0256658
329 -0.661047 -0.682658 0.0256658
330 -0.661047 -0.682658 0.0256658
331 -0.661047 -0.682658 0.0256658
332 -0.661047 -0.682658 0.0256658
333 -0.661047 -0.682658 0.0256658
334 -0.661047 -0.682658 0.0256658
335 -0.661047 -0.682658 0.0256658
336 -0.661047 -0.682658 0.0256658
337 -0.661047 -0.682658 0.0256658
338 -0.661047 -0.682658 0.0256658
339 -0.661047 -0.682658 0.0256658
340 -0.661047 -0.682466 0.0254135
341 -0.661047 -0.682466 0.0254135
342 -0.661047 -0.682466 0.0254135
343 -0.661047 -0.682466 0.0254135
344 -0.661047 -0.682466 0.0254135
345 -0.661047 -0.682466 0.0254135
346 -0.661047 -0.682466 0.0254135
347 -0.661047 -0.682466 0.0254135
348 -0.661047 -0.682466 0.0254135
349 -0.661047 -0.682466 0.0254135
350 -0.660948 -0.671551 0.0200201
351 -0.660948 -0.671551 0.0200201
352 -0.660948 -0.671551 0.0200201
353 -0.660948 -0.671551 0.0200201
354 -0.660948 -0.671551 0.0200201
355 -0.660948 -0.671551 0.0200201
356 -0.660948 -0.671551 0.0200201
357 -0.660948 -0.671551 0.0200201
358 -0.660948 -0.671551 0.0200201
359 -0.660948 -0.671551 0.0200201
360 -0.660948 -0.671551 0.0200201
361 -0.660948 -0.671551 0.0200201
362 -0.660948 -0.671551 0.0200201
363 -0.660948 -0.671551 0.0200201
364 -0.660948 -0.671551 0.0200201
365 -0.660948 -0.671551 0.0200201
366 -0.660948 -0.671551 0.0200201
367 -0.660948 -0.671551 0.0200201
368 -0.660948 -0.671551 0.0200201
369 -0.660948 -0.671551 0.0200201
370 -0.660948 -0.671551 0.0200201
371 -0.660948 -0.671551 0.0200201
372 -0.660948 -0.671551 0.0200201
373 -0.660948 -0.671551 0.0200201
374 -0.660948 -0.671551 0.0200201
375 -0.660948 -0.671551 0.0200201
376 -0.660948 -0.671551 0.0200201
377 -0.660948 -0.671551 0.0200201
378 -0.660948 -0.671551 0.0200201
379 -0.660948 -0.671551 0.0200201
380 -0.660948 -0.671551 0.0200201
381 -0.660948 -0.671551 0.0200201
382 -0.660948 -0.671551 0.0200201
383 -0.660948 -0.666939 0.0108046
384 -0.660948 -0.666939 0.0108046
385 -0.660948 -0.666939 0.0108046
386 -0.660948 -0.666939 0.0108046
387 -0.660948 -0.666939 0.0108046
388 -0.660948 -0.666939 0.0108046
389 -0.660948 -0.666939 0.0108046
390 -0.660948 -0.666939 0.0108046
391 -0.660948 -0.666939 0.0108046
392 -0.660948 -0.666939 0.0108046
393 -0.660948 -0.666939 0.0108046
394 -0.660948 -0.666939 0.0108046
395 -0.660948 -0.666939 0.0108046
396 -0.660948 -0.666939 0.0108046
397 -0.660948 -0.666939 0.0108046
398 -0.660948 -0.666939 0.0108046
399 -0.660948 -0.666939 0.0108046
400 -0.660948 -0.666939 0.0108046
401 -0.660948 -0.666939 0.0108046
402 -0.660948 -0.666939 0.0108046
403 -0.660948 -0.666939 0.0108046
404 -0.660948 -0.666939 0.0108046
405 -0.660948 -0.666939 0.0108046
406 -0.660948 -0.666939 0.0108046
407 -0.660948 -0.666939 0.0108046
408 -0.660948 -0.666939 0.0108046
409 -0.660948 -0.666939 0.0108046
410 -0.660948 -0.666939 0.0108046
411 -0.660948 -0.666939 0.0108046
412 -0.660948 -0.666939 0.0108046
413 -0.660948 -0.666939 0.0108046
414 -0.660948 -0.666939 0.0108046
415 -0.660948 -0.666939 0.0108046
416 -0.660948 -0.666939 0.0108046
417 -0.660948 -0.666939 0.0108046
418 -0.660948 -0.666939 0.0108046
419 -0.660948 -0.666939 0.0108046
420 -0.660948 -0.666939 0.0108046
421 -0.660948 -0.666939 0.0108046
422 -0.660948 -0.666939 0.0108046
423 -0.660948 -0.666939 0.0108046
424 -0.660948 -0.666939 0.0108046
425 -0.660948 -0.666939 0.0108046
426 -0.660948 -0.666939 0.0108046
427 -0.660948 -0.666939 0.0108046
428 -0.660948 -0.666939 0.0108046
429 -0.660948 -0.666939 0.0108046
430 -0.660948 -0.666939 0.0108046
431 -0.660948 -0.666939 0.0108046
432 -0.660948 -0.666939 0.0108046
433 -0.660948 -0.666939 0.0108046
434 -0.660948 -0.666939 0.0108046
435 -0.660948 -0.666939 0.0108046
436 -0.660948 -0.666939 0.0108046
437 -0.660948 -0.666939 0.0108046
438 -0.660948 -0.666939 0.0108046
439 -0.660948 -0.666939 0.0108046
440 -0.660948 -0.666939 0.0108046
441 -0.660948 -0.666939 0.0108046
442 -0.660948 -0.666939 0.0108046
443 -0.660948 -0.666939 0.0108046
444 -0.660948 -0.666939 0.0108046
445 -0.660948 -0.666939 0.0108046
446 -0.660948 -0.666939 0.0108046
447 -0.660948 -0.666939 0.0108046
448 -0.660948 -0.666939 0.0108046
449 -0.660948 -0.666939 0.0108046
450 -0.660948 -0.666939 0.0108046
451 -0.660948 -0.666939 0.0108046
452 -0.660948 -0.666939 0.0108046
453 -0.660948 -0.666939 0.0108046
454 -0.660948 -0.666939 0.0108046
455 -0.660948 -0.666939 0.0108046
456 -0.660948 -0.666939 0.0108046
457 -0.660948 -0.666939 0.0108046
458 -0.660948 -0.666939 0.0108046
459 -0.660948 -0.666939 0.0108046
460 -0.660948 -0.666939 0.0108046
461 -0.660948 -0.666939 0.0108046
462 -0.660948 -0.666939 0.0108046
463 -0.660948 -0.666939 0.0108046
464 -0.660948 -0.666939 0.0108046
465 -0.660948 -0.666939 0.0108046
466 -0.660948 -0.666939 0.0108046
467 -0.660948 -0.666939 0.0108046
468 -0.660948 -0.666939 0.0108046
469 -0.660948 -0.666939 0.0108046
470 -0.660948 -0.666939 0.0108046
471 -0.660948 -0.666939 0.0108046
472 -0.660948 -0.666939 0.0108046
473 -0.660948 -0.666939 0.0108046
474 -0.660948 -0.666939 0.0108046
475 -0.660948 -0.666939 0.0108046
476 -0.660948 -0.666939 0.0108046
477 -0.660948 -0.666939 0.0108046
478 -0.660948 -0.666939 0.0108046
479 -0.660948 -0.666939 0.0108046
480 -0.660948 -0.666939 0.0108046
481 -0.660948 -0.666939 0.0108046
482 -0.660948 -0.666939 0.0108046
483 -0.660948 -0.666939 0.0108046
484 -0.660948 -0.666939 0.0108046
485 -0.660948 -0.666939 0.0108046
486 -0.660948 -0.666939 0.0108046
487 -0.660948 -0.666939 0.0108046
488 -0.660948 -0.666939 0.0108046
489 -0.660948 -0.666939 0.0108046
490 -0.660948 -0.666939 0.0108046
491 -0.660948 -0.666939 0.0108046
492 -0.660948 -0.666939 0.0108046
493 -0.660948 -0.666939 0.0108046
494 -0.660948 -0.666939 0.0108046
495 -0.660948 -0.666939 0.0108046
496 -0.660948 -0.666939 0.0108046
497 -0.660948 -0.666939 0.0108046
498 -0.660948 -0.666939 0.0108046
499 -0.660948 -0.666939 0.0108046
500 -0.660948 -0.666939 0.0108046
501 -0.660948 -0.666939 0.0108046
502 -0.660948 -0.666939 0.0108046
503 -0.660948 -0.666939 0.0108046
504 -0.660948 -0.666939 0.0108046
505 -0.660948 -0.666939 0.0108046
506 -0.660948 -0.666939 0.0108046
507 -0.660948 -0.666939 0.0108046
508 -0.660948 -0.666939 0.0108046
509 -0.660948 -0.666939 0.0108046
510 -0.660948 -0.666939 0.0108046
511 -0.660948 -0.666939 0.0108046
512 -0.660948 -0.666939 0.0108046
513 -0.660948 -0.666939 0.0108046
514 -0.660948 -0.666939 0.0108046
515 -0.660948 -0.666939 0.0108046
516 -0.660948 -0.666939 0.0108046
517 -0.660948 -0.666939 0.0108046
518 -0.660948 -0.666939 0.0108046
519 -0.660948 -0.666939 0.0108046
520 -0.660948 -0.666939 0.0108046
521 -0.660948 -0.666939 0.0108046
522 -0.660948 -0.666939 0.0108046
523 -0.660948 -0.666939 0.0108046
524 -0.660948 -0.666939 0.0108046
525 -0.660948 -0.666939 0.0108046
526 -0.660948 -0.666939 0.0108046
527 -0.660948 -0.666939 0.0108046
528 -0.660948 -0.666939 0.0108046
529 -0.660948 -0.666939 0.0108046
530 -0.660948 -0.666939 0.0108046
531 -0.660948 -0.666939 0.0108046
532 -0.606023 -0.650442 0.0222201
533 -0.606023 -0.650442 0.0222201
534 -0.606023 -0.650442 0.0222201
535 -0.606023 -0.650442 0.0222201
536 -0.606023 -0.650442 0.0222201
537 -0.606023 -0.650442 0.0222201
538 -0.606023 -0.650442 0.0222201
539 -0.606023 -0.650442 0.0222201
540 -0.606023 -0.650442 0.0222201
541 -0.606023 -0.650442 0.0222201
542 -0.606023 -0.650442 0.0222201
543 -0.606023 -0.650442 0.0222201
544 -0.606023 -0.650442 0.0222201
545 -0.606023 -0.650442 0.0222201
546 -0.606023 -0.650442 0.0222201
547 -0.606023 -0.650442 0.0222201
548 -0.606023 -0.650442 0.0222201
549 -0.606023 -0.650442 0.0222201
550 -0.606023 -0.650442 0.0222201
551 -0.606023 -0.650442 0.0222201
552 -0.606023 -0.650442 0.0222201
553 -0.606023 -0.650442 0.0222201
554 -0.606023 -0.650442 0.0222201
555 -0.606023 -0.650442 0.0222201
556 -0.606023 -0.650442 0.0222201
557 -0.606023 -0.650442 0.0222201
558 -0.606023 -0.650442 0.0222201
559 -0.606023 -0.650442 0.0222201
560 -0.606023 -0.650442 0.0222201
561 -0.606023 -0.650442 0.0222201
562 -0.606023 -0.650442 0.0222201
563 -0.606023 -0.650442 0.0222201
564 -0.606023 -0.650442 0.0222201
565 -0.606023 -0.650442 0.0222201
566 -0.606023 -0.650442 0.0222201
567 -0.606023 -0.650442 0.0222201
568 -0.606023 -0.650442 0.0222201
569 -0.606023 -0.650442 0.0222201
570 -0.606023 -0.650442 0.0222201
571 -0.606023 -0.650442 0.0222201
572 -0.606023 -0.650442 0.0222201
573 -0.606023 -0.650442 0.0222201
574 -0.606023 -0.650442 0.0222201
575 -0.606023 -0.650442 0.0222201
576 -0.606023 -0.650442 0.0222201
577 -0.606023 -0.650442 0.0222201
578 -0.606023 -0.650442 0.0222201
579 -0.606023 -0.650442 0.0222201
580 -0.606023 -0.650442 0.0222201
581 -0.606023 -0.650442 0.0222201
582 -0.606023 -0.650442 0.0222201
583 -0.606023 -0.650442 0.0222201
584 -0.606023 -0.650442 0.0222201
585 -0.606023 -0.650442 0.0222201
586 -0.606023 -0.650442 0.0222201
587 -0.606023 -0.650442 0.0222201
588 -0.606023 -0.650442 0.0222201
589 -0.606023 -0.650442 0.0222201
590 -0.606023 -0.650442 0.0222201
591 -0.606023 -0.650442 0.0222201
592 -0.606023 -0.650442 0.0222201
593 -0.606023 -0.650442 0.0222201
594 -0.606023 -0.650442 0.0222201
595 -0.606023 -0.650442 0.0222201
596 -0.606023 -0.650442 0.0222201
597 -0.606023 -0.650442 0.0222201
598 -0.606023 -0.650442 0.0222201
599 -0.606023 -0.650442 0.0222201
600 -0.606023 -0.650442 0.0222201
601 -0.606023 -0.650442 0.0222201
602 -0.606023 -0.650442 0.0222201
603 -0.606023 -0.650442 0.0222201
604 -0.606023 -0.650442 0.0222201
605 -0.606023 -0.650442 0.0222201
606 -0.606023 -0.650442 0.0222201
607 -0.606023 -0.650442 0.0222201
608 -0.606023 -0.650442 0.0222201
609 -0.606023 -0.650442 0.0222201
610 -0.606023 -0.650442 0.0222201
611 -0.606023 -0.650442 0.0222201
612 -0.606023 -0.650442 0.0222201
613 -0.606023 -0.650442 0.0222201
614 -0.606023 -0.650442 0.0222201
615 -0.606023 -0.650442 0.0222201
616 -0.606023 -0.650442 0.0222201
617 -0.606023 -0.650442 0.0222201
618 -0.606023 -0.650442 0.0222201
619 -0.606023 -0.650442 0.0222201
620 -0.606023 -0.650442 0.0222201
621 -0.606023 -0.650442 0.0222201
622 -0.606023 -0.650442 0.0222201
623 -0.606023 -0.650442 0.0222201
624 -0.606023 -0.650442 0.0222201
625 -0.606023 -0.650442 0.0222201
626 -0.606023 -0.650442 0.0222201
627 -0.606023 -0.650442 0.0222201
628 -0.606023 -0.650442 0.0222201
629 -0.606023 -0.650442 0.0222201
630 -0.606023 -0.650442 0.0222201
631 -0.606023 -0.650442 0.0222201
632 -0.606023 -0.650442 0.0222201
633 -0.606023 -0.650442 0.0222201
634 -0.606023 -0.650442 0.0222201
635 -0.606023 -0.650442 0.0222201
636 -0.606023 -0.650442 0.0222201
637 -0.606023 -0.650442 0.0222201
638 -0.606023 -0.650442 0.0222201
639 -0.606023 -0.650442 0.0222201
640 -0.606023 -0.650442 0.0222201
641 -0.606023 -0.650442 0.0222201
642 -0.606023 -0.650442 0.0222201
643 -0.606023 -0.650442 0.0222201
644 -0.606023 -0.650442 0.0222201
645 -0.606023 -0.650442 0.0222201
646 -0.606023 -0.650442 0.0222201
647 -0.606023 -0.650442 0.0222201
648 -0.606023 -0.650442 0.0222201
649 -0.606023 -0.650442 0.0222201
650 -0.606023 -0.650442 0.0222201
651 -0.606023 -0.650442 0.0222201
652 -0.606023 -0.650442 0.0222201
653 -0.606023 -0.650442 0.0222201
654 -0.606023 -0.650442 0.0222201
655 -0.606023 -0.650442 0.0222201
656 -0.606023 -0.650442 0.0222201
657 -0.606023 -0.650442 0.0222201
658 -0.606023 -0.650442 0.0222201
659 -0.606023 -0.650442 0.0222201
660 -0.606023 -0.650442 0.0222201
661 -0.606023 -0.650442 0.0222201
662 -0.606023 -0.650442 0.0222201
663 -0.606023 -0.650442 0.0222201
664 -0.606023 -0.650442 0.0222201
665 -0.606023 -0.650442 0.0222201
666 -0.606023 -0.650442 0.0222201
667 -0.606023 -0.650442 0.0222201
668 -0.606023 -0.650442 0.0222201
669 -0.606023 -0.650442 0.0222201
670 -0.606023 -0.650442 0.0222201
671 -0.606023 -0.650442 0.0222201
672 -0.606023 -0.650442 0.0222201
673 -0.606023 -0.650442 0.0222201
674 -0.606023 -0.650442 0.0222201
675 -0.606023 -0.650442 0.0222201
676 -0.606023 -0.650442 0.0222201
677 -0.606023 -0.650442 0.0222201
678 -0.606023 -0.650442 0.0222201
679 -0.606023 -0.650442 0.0222201
680 -0.606023 -0.650442 0.0222201
681 -0.606023 -0.650442 0.0222201
682 -0.606023 -0.650442 0.0222201
683 -0.606023 -0.650442 0.0222201
684 -0.606023 -0.650442 0.0222201
685 -0.606023 -0.650442 0.0222201
686 -0.606023 -0.650442 0.0222201
687 -0.606023 -0.650442 0.0222201
688 -0.606023 -0.650442 0.0222201
689 -0.606023 -0.650442 0.0222201
690 -0.606023 -0.650442 0.0222201
691 -0.606023 -0.650442 0.0222201
692 -0.606023 -0.650442 0.0222201
693 -0.606023 -0.650442 0.0222201
694 -0.606023 -0.650442 0.0222201
695 -0.606023 -0.650442 0.0222201
696 -0.606023 -0.650442 0.0222201
697 -0.606023 -0.650442 0.0222201
698 -0.606023 -0.650442 0.0222201
699 -0.606023 -0.650442 0.0222201
700 -0.606023 -0.650442 0.0222201
701 -0.606023 -0.650442 0.0222201
702 -0.606023 -0.650442 0.0222201
703 -0.606023 -0.650442 0.0222201
704 -0.606023 -0.650442 0.0222201
705 -0.606023 -0.650442 0.0222201
706 -0.606023 -0.650442 0.0222201
707 -0.606023 -0.650442 0.0222201
708 -0.606023 -0.650442 0.0222201
709 -0.606023 -0.650442 0.0222201
710 -0.606023 -0.650442 0.0222201
711 -0.606023 -0.650442 0.0222201
712 -0.606023 -0.650442 0.0222201
713 -0.606023 -0.650442 0.0222201
714 -0.606023 -0.650442 0.0222201
715 -0.606023 -0.650442 0.0222201
716 -0.606023 -0.650442 0.0222201
717 -0.606023 -0.650442 0.0222201
718 -0.606023 -0.650442 0.0222201
719 -0.606023 -0.650442 0.0222201
720 -0.606023 -0.650442 0.0222201
721 -0.606023 -0.642559 0.023383
722 -0.606023 -0.642559 0.023383
723 -0.606023 -0.642559 0.023383
724 -0.606023 -0.642559 0.023383
725 -0.606023 -0.642559 0.023383
726 -0.606023 -0.642559 0.023383
727 -0.606023 -0.642559 0.023383
728 -0.606023 -0.642559 0.023383
729 -0.606023 -0.642559 0.023383
730 -0.606023 -0.642559 0.023383
731 -0.606023 -0.642559 0.023383
732 -0.606023 -0.642559 0.023383
733 -0.606023 -0.642559 0.023383
734 -0.606023 -0.642559 0.023383
735 -0.606023 -0.642559 0.023383
736 -0.606023 -0.642559 0.023383
737 -0.606023 -0.642559 0.023383
738 -0.606023 -0.642559 0.023383
739 -0.606023 -0.642559 0.023383
740 -0.606023 -0.642559 0.023383
741 -0.606023 -0.642559 0.023383
742 -0.606023 -0.642559 0.023383
743 -0.606023 -0.642559 0.023383
744 -0.606023 -0.642559 0.023383
745 -0.606023 -0.642559 0.023383
746 -0.606023 -0.642559 0.023383
747 -0.606023 -0.642559 0.023383
748 -0.606023 -0.642559 0.023383
749 -0.606023 -0.642559 0.023383
750 -0.606023 -0.642559 0.023383
751 -0.606023 -0.642559 0.023383
752 -0.606023 -0.642559 0.023383
753 -0.606023 -0.642559 0.023383
754 -0.606023 -0.642559 0.023383
755 -0.606023 -0.642559 0.023383
756 -0.606023 -0.642559 0.023383
757 -0.606023 -0.642559 0.023383
758 -0.606023 -0.642559 0.023383
759 -0.606023 -0.642559 0.023383
760 -0.606023 -0.642559 0.023383
761 -0.606023 -0.642559 0.023383
762 -0.606023 -0.642559 0.023383
763 -0.606023 -0.642559 0.023383
764 -0.606023 -0.642559 0.023383
765 -0.606023 -0.642559 0.023383
766 -0.606023 -0.642559 0.023383
767 -0.606023 -0.642559 0.023383
768 -0.606023 -0.642559 0.023383
769 -0.606023 -0.642559 0.023383
770 -0.606023 -0.642559 0.023383
771 -0.606023 -0.642559 0.023383
772 -0.606023 -0.642559 0.023383
773 -0.606023 -0.642559 0.023383
774 -0.606023 -0.642559 0.023383
775 -0.606023 -0.642559 0.023383
776 -0.606023 -0.642559 0.023383
777 -0.606023 -0.642559 0.023383
778 -0.606023 -0.642559 0.023383
779 -0.606023 -0.642559 0.023383
780 -0.606023 -0.642559 0.023383
781 -0.606023 -0.642559 0.023383
782 -0.606023 -0.642559 0.023383
783 -0.606023 -0.642559 0.023383
784 -0.606023 -0.642559 0.023383
785 -0.606023 -0.642559 0.023383
786 -0.606023 -0.642559 0.023383
787 -0.606023 -0.642559 0.023383
788 -0.606023 -0.642559 0.023383
789 -0.606023 -0.642559 0.023383
790 -0.606023 -0.642559 0.023383
791 -0.606023 -0.642559 0.023383
792 -0.606023 -0.642559 0.023383
793 -0.606023 -0.642559 0.023383
794 -0.606023 -0.642559 0.023383
795 -0.606023 -0.642559 0.023383
796 -0.606023 -0.642559 0.023383
797 -0.606023 -0.642559 0.023383
798 -0.606023 -0.642559 0.023383
799 -0.606023 -0.642559 0.023383
800 -0.606023 -0.642559 0.023383
801 -0.606023 -0.642559 0.023383
802 -0.606023 -0.642559 0.023383
803 -0.606023 -0.642559 0.023383
804 -0.606023 -0.642559 0.023383
805 -0.606023 -0.642559 0.023383
806 -0.606023 -0.642559 0.023383
807 -0.606023 -0.642559 0.023383
808 -0.606023 -0.642559 0.023383
809 -0.606023 -0.642559 0.023383
810 -0.606023 -0.642559 0.023383
811 -0.606023 -0.642559 0.023383
812 -0.606023 -0.642559 0.023383
813 -0.606023 -0.642559 0.023383
814 -0.606023 -0.642559 0.023383
815 -0.606023 -0.642559 0.023383
816 -0.606023 -0.642559 0.023383
817 -0.606023 -0.642559 0.023383
818 -0.606023 -0.642559 0.023383
819 -0.606023 -0.642559 0.023383
820 -0.606023 -0.642559 0.023383
821 -0.606023 -0.642559 0.023383
822 -0.606023 -0.642559 0.023383
823 -0.606023 -0.642559 0.023383
824 -0.606023 -0.642559 0.023383
825 -0.606023 -0.642559 0.023383
826 -0.606023 -0.642559 0.023383
827 -0.606023 -0.642559 0.023383
828 -0.606023 -0.642559 0.023383
829 -0.606023 -0.642559 0.023383
830 -0.606023 -0.642559 0.023383
831 -0.606023 -0.642559 0.023383
832 -0.606023 -0.642559 0.023383
833 -0.606023 -0.642559 0.023383
834 -0.606023 -0.642559 0.023383
835 -0.606023 -0.642559 0.023383
836 -0.606023 -0.642559 0.023383
837 -0.606023 -0.642559 0.023383
838 -0.606023 -0.642559 0.023383
839 -0.606023 -0.642559 0.023383
840 -0.606023 -0.642559 0.023383
841 -0.606023 -0.642559 0.023383
842 -0.606023 -0.642559 0.023383
843 -0.606023 -0.642559 0.023383
844 -0.606023 -0.642559 0.023383
845 -0.606023 -0.642559 0.023383
846 -0.606023 -0.642559 0.023383
847 -0.606023 -0.642559 0.023383
848 -0.606023 -0.642559 0.023383
849 -0.606023 -0.642559 0.023383
850 -0.606023 -0.642559 0.023383
851 -0.606023 -0.642559 0.023383
852 -0.606023 -0.642559 0.023383
853 -0.606023 -0.642559 0.023383
854 -0.606023 -0.642559 0.023383
855 -0.606023 -0.642559 0.023383
856 -0.606023 -0.642348 0.0232165
857 -0.606023 -0.642348 0.0232165
858 -0.606023 -0.642348 0.0232165
859 -0.606023 -0.642348 0.0232165
860 -0.606023 -0.642348 0.0232165
861 -0.606023 -0.642348 0.0232165
862 -0.606023 -0.642348 0.0232165
863 -0.606023 -0.642348 0.0232165
864 -0.606023 -0.642348 0.0232165
865 -0.606023 -0.642348 0.0232165
866 -0.606023 -0.642348 0.0232165
867 -0.606023 -0.642348 0.0232165
868 -0.606023 -0.642348 0.0232165
869 -0.606023 -0.642348 0.0232165
870 -0.606023 -0.642348 0.0232165
871 -0.606023 -0.642348 0.0232165
872 -0.606023 -0.642348 0.0232165
873 -0.606023 -0.642348 0.0232165
874 -0.606023 -0.642348 0.0232165
875 -0.606023 -0.642348 0.0232165
876 -0.606023 -0.642348 0.0232165
877 -0.606023 -0.642348 0.0232165
878 -0.606023 -0.642348 0.0232165
879 -0.606023 -0.642348 0.0232165
880 -0.606023 -0.642348 0.0232165
881 -0.606023 -0.642348 0.0232165
882 -0.606023 -0.642348 0.0232165
883 -0.606023 -0.642348 0.0232165
884 -0.606023 -0.642348 0.0232165
885 -0.606023 -0.642348 0.0232165
886 -0.606023 -0.642348 0.0232165
887 -0.606023 -0.642348 0.0232165
888 -0.606023 -0.642348 0.0232165
889 -0.606023 -0.642348 0.0232165
890 -0.606023 -0.642348 0.0232165
891 -0.606023 -0.642348 0.0232165
892 -0.606023 -0.642348 0.0232165
893 -0.606023 -0.642348 0.0232165
894 -0.606023 -0.642348 0.0232165
895 -0.606023 -0.642348 0.0232165
896 -0.606023 -0.642348 0.0232165
897 -0.606023 -0.642348 0.0232165
898 -0.606023 -0.642348 0.0232165
899 -0.606023 -0.642348 0.0232165
900 -0.606023 -0.642348 0.0232165
901 -0.606023 -0.642348 0.0232165
902 -0.606023 -0.642348 0.0232165
903 -0.606023 -0.642348 0.0232165
904 -0.606023 -0.642348 0.0232165
905 -0.606023 -0.642348 0.0232165
906 -0.606023 -0.642348 0.0232165
907 -0.606023 -0.642348 0.0232165
908 -0.606023 -0.642348 0.0232165
909 -0.606023 -0.642348 0.0232165
910 -0.606023 -0.642348 0.0232165
911 -0.606023 -0.642348 0.0232165
912 -0.606023 -0.642348 0.0232165
913 -0.606023 -0.642348 0.0232165
914 -0.606023 -0.642348 0.0232165
915 -0.606023 -0.642348 0.0232165
916 -0.606023 -0.642348 0.0232165
917 -0.606023 -0.642348 0.0232165
918 -0.606023 -0.642348 0.0232165
919 -0.606023 -0.642348 0.0232165
920 -0.606023 -0.642348 0.0232165
921 -0.606023 -0.642348 0.0232165
922 -0.606023 -0.642348 0.0232165
923 -0.606023 -0.642348 0.0232165
924 -0.606023 -0.642348 0.0232165
925 -0.606023 -0.642348 0.0232165
926 -0.606023 -0.642348 0.0232165
927 -0.606023 -0.642348 0.0232165
928 -0.606023 -0.642348 0.0232165
929 -0.606023 -0.642348 0.0232165
930 -0.606023 -0.642348 0.0232165
931 -0.606023 -0.642348 0.0232165
932 -0.606023 -0.642348 0.0232165
933 -0.606023 -0.642348 0.0232165
934 -0.606023 -0.642348 0.0232165
935 -0.606023 -0.642348 0.0232165
936 -0.606023 -0.642348 0.0232165
937 -0.606023 -0.642348 0.0232165
938 -0.606023 -0.642348 0.0232165
939 -0.606023 -0.642348 0.0232165
940 -0.606023 -0.642348 0.0232165
941 -0.606023 -0.642348 0.0232165
942 -0.606023 -0.642348 0.0232165
943 -0.606023 -0.642348 0.0232165
944 -0.606023 -0.642348 0.0232165
945 -0.606023 -0.642348 0.0232165
946 -0.606023 -0.642348 0.0232165
947 -0.606023 -0.642348 0.0232165
948 -0.606023 -0.642348 0.0232165
949 -0.606023 -0.642348 0.0232165
950 -0.606023 -0.642348 0.0232165
951 -0.606023 -0.642348 0.0232165
952 -0.606023 -0.642348 0.0232165
953 -0.606023 -0.642348 0.0232165
954 -0.606023 -0.642348 0.0232165
955 -0.606023 -0.642348 0.0232165
956 -0.606023 -0.642348 0.0232165
957 -0.606023 -0.642348 0.0232165
958 -0.606023 -0.642348 0.0232165
959 -0.606023 -0.642348 0.0232165
960 -0.606023 -0.642348 0.0232165
961 -0.606023 -0.642348 0.0232165
962 -0.606023 -0.642348 0.0232165
963 -0.606023 -0.642348 0.0232165
964 -0.606023 -0.642348 0.0232165
965 -0.606023 -0.642348 0.0232165
966 -0.606023 -0.642348 0.0232165
967 -0.606023 -0.642348 0.0232165
968 -0.606023 -0.642348 0.0232165
969 -0.606023 -0.642348 0.0232165
970 -0.606023 -0.642348 0.0232165
971 -0.606023 -0.642348 0.0232165
972 -0.606023 -0.642348 0.0232165
973 -0.606023 -0.642348 0.0232165
974 -0.606023 -0.642348 0.0232165
975 -0.606023 -0.642348 0.0232165
976 -0.606023 -0.642348 0.0232165
977 -0.606023 -0.642348 0.0232165
978 -0.606023 -0.642348 0.0232165
979 -0.606023 -0.642348 0.0232165
980 -0.606023 -0.642348 0.0232165
981 -0.606023 -0.642348 0.0232165
982 -0.606023 -0.642348 0.0232165
983 -0.606023 -0.642348 0.0232165
984 -0.606023 -0.642348 0.0232165
985 -0.606023 -0.642348 0.0232165
986 -0.606023 -0.642348 0.0232165
987 -0.606023 -0.637434 0.0212563
988 -0.606023 -0.637434 0.0212563
989 -0.606023 -0.637434 0.0212563
990 -0.606023 -0.637434 0.0212563
991 -0.606023 -0.637434 0.0212563
992 -0.606023 -0.637434 0.0212563
993 -0.606023 -0.637434 0.0212563
994 -0.606023 -0.637434 0.0212563
995 -0.606023 -0.637434 0.0212563
996 -0.606023 -0.637434 0.0212563
997 -0.606023 -0.637434 0.0212563
998 -0.606023 -0.637434 0.0212563
999 -0.606023 -0.637434 0.0212563
1000 -0.606023 -0.637434 0.0212563
