1 -1.40403 -1.40425 0.000167253
2 -1.40357 -1.40401 0.00023495
3 -1.40357 -1.40394 0.000182744
4 -1.40355 -1.40383 0.000218412
5 -1.40153 -1.40313 0.000802704
6 -1.40153 -1.40313 0.000802704
7 -1.40153 -1.4031 0.000789636
8 -1.40051 -1.40249 0.0012424
9 -1.40051 -1.40242 0.00119038
10 -1.40051 -1.40242 0.00119038
11 -1.40051 -1.40242 0.00119038
12 -1.40051 -1.40242 0.00119038
13 -1.40051 -1.40236 0.00114366
14 -1.40051 -1.40236 0.00114366
15 -1.40051 -1.40233 0.00111283
16 -1.39773 -1.40122 0.00202114
17 -1.39773 -1.40116 0.00196314
18 -1.39773 -1.40116 0.00196314
19 -1.39773 -1.40116 0.00196314
20 -1.39773 -1.40116 0.00196314
21 -1.39773 -1.40064 0.00169656
22 -1.39773 -1.40064 0.00169656
23 -1.39773 -1.40064 0.00169656
24 -1.39773 -1.40054 0.00156689
25 -1.39773 -1.40009 0.00119491
26 -1.39773 -1.40009 0.00119491
27 -1.39773 -1.40009 0.00119491
28 -1.39773 -1.39994 0.00110812
29 -1.38265 -1.39635 0.00693078
30 -1.38265 -1.39635 0.00693078
31 -1.38265 -1.39635 0.00693078
32 -1.38265 -1.39621 0.0068534
33 -1.38265 -1.39516 0.00650776
34 -1.38265 -1.39516 0.00650776
35 -1.38265 -1.39516 0.00650776
36 -1.38265 -1.39516 0.00650776
37 -1.38265 -1.39516 0.00650776
38 -1.38265 -1.39516 0.00650776
39 -1.38265 -1.39489 0.00631166
40 -1.38265 -1.39297 0.00595466
41 -1.38265 -1.39297 0.00595466
42 -1.38265 -1.39297 0.00595466
43 -1.38265 -1.39297 0.00595466
44 -1.38265 -1.39278 0.00576833
45 -1.38265 -1.39212 0.00530908
46 -1.38265 -1.39212 0.00530908
47 -1.34617 -1.38181 0.0183822
48 -1.34617 -1.38181 0.0183822
49 -1.34617 -1.38181 0.0183822
50 -1.34617 -1.38181 0.0183822
51 -1.34617 -1.38181 0.0183822
52 -1.34617 -1.38181 0.0183822
53 -1.34617 -1.38064 0.0176578
54 -1.34617 -1.38064 0.0176578
55 -1.08465 -1.31863 0.118104
56 -1.08465 -1.31863 0.118104
57 -1.08465 -1.25847 0.140724
58 -1.08465 -1.23725 0.126684
59 -1.08465 -1.21364 0.106831
60 -1.08465 -1.21364 0.106831
61 -1.08465 -1.21364 0.106831
62 -1.08465 -1.18312 0.0839594
63 -1.08465 -1.18312 0.0839594
64 -1.00409 -1.08672 0.0614466
65 -1.00409 -1.08672 0.0614466
66 -1.00409 -1.08672 0.0614466
67 -1.00409 -1.08672 0.0614466
68 -1.00409 -1.08672 0.0614466
69 -1.00409 -1.08672 0.0614466
70 -1.00409 -1.08672 0.0614466
71 -1.00409 -1.08672 0.0614466
72 -1.00409 -1.08672 0.0614466
73 -1.00409 -1.08672 0.0614466
74 -1.00409 -1.05009 0.0362559
75 -1.00409 -1.05009 0.0362559
76 -1.00409 -1.05009 0.0362559
77 -1.00409 -1.05009 0.0362559
78 -1.00409 -1.05009 0.0362559
79 -1.00409 -1.05009 0.0362559
80 -1.00409 -1.05009 0.0362559
81 -1.00409 -1.05009 0.0362559
82 -1.00409 -1.05009 0.0362559
83 -1.00409 -1.05009 0.0362559
84 -1.00409 -1.05009 0.0362559
85 -1.00409 -1.05009 0.0362559
86 -1.00409 -1.05009 0.0362559
87 -1.00409 -1.05009 0.0362559
88 -1.00409 -1.05009 0.0362559
89 -1.00409 -1.05009 0.0362559
90 -1.00409 -1.05009 0.0362559
91 -0.999088 -1.03201 0.0346051
92 -0.999088 -1.03201 0.0346051
93 -0.999088 -1.03201 0.0346051
94 -0.999088 -1.03201 0.0346051
95 -0.999088 -1.03201 0.0346051
96 -0.999088 -1.03201 0.0346051
97 -0.999088 -1.03201 0.0346051
98 -0.999088 -1.03201 0.0346051
99 -0.999088 -1.03201 0.0346051
100 -0.999088 -1.03201 0.0346051
