1 -10000 -10000 0
2 -10000 -10000 0
3 -10000 -10000 0
4 -10000 -10000 0
5 -10000 -10000 0
6 -10000 -10000 0
7 -10000 -10000 0
8 -10000 -10000 0
9 -10000 -10000 0
10 -10000 -10000 0
11 -10000 -10000 0
12 -10000 -10000 0
13 -10000 -10000 0
14 -10000 -10000 0
15 -10000 -10000 0
16 -10000 -10000 0
17 -10000 -10000 0
18 -10000 -10000 0
19 -10000 -10000 0
20 -10000 -10000 0
21 -10000 -10000 0
22 -10000 -10000 0
23 -10000 -10000 0
24 -10000 -10000 0
25 -10000 -10000 0
26 -10000 -10000 0
27 -10000 -10000 0
28 -10000 -10000 0
29 -10000 -10000 0
30 -10000 -10000 0
31 -10000 -10000 0
32 -10000 -10000 0
33 -10000 -10000 0
34 -10000 -10000 0
35 -2.70404 -8000.54 3998.92
36 -2.70404 -8000.54 3998.92
37 -2.70404 -8000.54 3998.92
38 -2.70404 -8000.54 3998.92
39 -2.70404 -8000.54 3998.92
40 -2.70404 -8000.54 3998.92
41 -2.70404 -8000.54 3998.92
42 -2.70404 -8000.54 3998.92
43 -2.70404 -8000.54 3998.92
44 -2.61499 -6001.06 4897.68
45 -2.61499 -2002.13 3998.94
46 -2.61499 -2.65266 0.0191846
47 -2.61499 -2.64481 0.0167736
48 -2.61499 -2.64071 0.0145903
49 -2.56895 -2.62167 0.0283776
50 -2.56895 -2.6214 0.0281524
51 -2.56895 -2.61757 0.0260396
52 -2.56895 -2.61463 0.0239914
53 -2.56895 -2.61463 0.0239914
54 -2.56895 -2.61463 0.0239914
55 -2.56895 -2.61463 0.0239914
56 -2.56895 -2.61463 0.0239914
57 -2.56895 -2.61463 0.0239914
58 -2.56895 -2.61463 0.0239914
59 -2.56895 -2.61259 0.0222812
60 -2.56895 -2.6093 0.0209345
61 -2.56895 -2.6093 0.0209345
62 -2.56895 -2.6093 0.0209345
63 -2.56895 -2.6093 0.0209345
64 -2.56895 -2.60819 0.0201468
65 -2.56895 -2.60819 0.0201468
66 -2.45019 -2.57325 0.0641992
67 -2.45019 -2.57325 0.0641992
68 -2.45019 -2.57325 0.0641992
69 -2.45019 -2.5625 0.0597226
70 -2.45019 -2.5625 0.0597226
71 -2.21268 -2.48204 0.144973
72 -2.21268 -2.48204 0.144973
73 -2.21268 -2.48204 0.144973
74 -2.21268 -2.48204 0.144973
75 -1.76855 -2.29956 0.29108
76 -1.76855 -2.17377 0.282822
77 -1.76855 -1.91643 0.0917484
78 -1.69766 -1.80721 0.0885123
79 -1.69766 -1.80721 0.0885123
80 -1.69766 -1.77932 0.0621048
81 -1.69766 -1.74563 0.034792
82 -1.69766 -1.74563 0.034792
83 -1.69766 -1.74563 0.034792
84 -1.69766 -1.73174 0.0248002
85 -1.69766 -1.73174 0.0248002
86 -1.69766 -1.72424 0.0169675
87 -1.69766 -1.72424 0.0169675
88 -1.69681 -1.71369 0.0141022
89 -1.69681 -1.71275 0.013035
90 -1.69681 -1.70713 0.0119816
91 -1.69681 -1.69836 0.00116759
92 -1.69681 -1.69836 0.00116759
93 -1.69681 -1.69836 0.00116759
94 -1.69681 -1.69836 0.00116759
95 -1.69681 -1.69836 0.00116759
96 -1.69681 -1.69836 0.00116759
97 -1.69681 -1.69836 0.00116759
98 -1.69681 -1.69836 0.00116759
99 -1.69681 -1.69836 0.00116759
100 -1.69681 -1.69836 0.00116759
