1 -2.8097 -2.8097 1.19209e-07
2 -2.78691 -2.79491 0.00799942
3 -2.75302 -2.75839 0.00537169
4 -2.73106 -2.74156 0.0104995
5 -2.73106 -2.73106 0
6 -2.73106 -2.73106 0
7 -2.71823 -2.72464 0.00641751
8 -2.71542 -2.71682 0.00140285
9 -2.71542 -2.71542 0
10 -2.69911 -2.70727 0.00815606
11 -2.6787 -2.68621 0.00750947
12 -2.66633 -2.67251 0.00618458
13 -2.6655 -2.66559 9.47714e-05
14 -2.6598 -2.66252 0.00272751
15 -2.62859 -2.63598 0.00739563
16 -2.62859 -2.62859 0
17 -2.62718 -2.62718 9.29832e-06
18 -2.62233 -2.62475 0.00242198
19 -2.42347 -2.5229 0.0994292
20 -2.42347 -2.42347 0
21 -2.42288 -2.42303 0.000154614
22 -2.42288 -2.42288 0
23 -2.42288 -2.42288 0
24 -2.42288 -2.42288 0
25 -2.37492 -2.3989 0.0239806
26 -2.37492 -2.37492 0
27 -2.37492 -2.37492 0
28 -2.37492 -2.37492 0
29 -2.37139 -2.37316 0.00176239
30 -2.37139 -2.37139 0
31 -2.36948 -2.37043 0.00095892
32 -2.36948 -2.36948 0
33 -2.36948 -2.36948 0
34 -2.36948 -2.36948 0
35 -2.36948 -2.36948 0
36 -2.36948 -2.36948 0
37 -2.36948 -2.36948 0
38 -2.36948 -2.36948 0
39 -2.36948 -2.36948 0
40 -2.36948 -2.36948 0
41 -2.36948 -2.36948 0
42 -2.36948 -2.36948 0
43 -2.36948 -2.36948 0
44 -2.36157 -2.36552 0.00395441
45 -2.36157 -2.36157 0
46 -2.36157 -2.36157 0
47 -2.36157 -2.36157 0
48 -2.36157 -2.36157 0
49 -2.36157 -2.36157 0
50 -2.36157 -2.36157 0
51 -2.36157 -2.36157 0
52 -2.36157 -2.36157 0
53 -2.36157 -2.36157 0
54 -2.36157 -2.36157 0
55 -2.36157 -2.36157 0
56 -2.36149 -2.36153 3.70741e-05
57 -2.36149 -2.36149 0
58 -2.36149 -2.36149 0
59 -2.36149 -2.36149 0
60 -2.36149 -2.36149 0
61 -2.36149 -2.36149 0
62 -2.36149 -2.36149 0
63 -2.36149 -2.36149 0
64 -2.36149 -2.36149 0
65 -2.36149 -2.36149 0
66 -2.36149 -2.36149 0
67 -2.36149 -2.36149 3.57628e-06
68 -2.36149 -2.36149 0
69 -2.36149 -2.36149 0
70 -2.23084 -2.29616 0.0653214
71 -2.2226 -2.22606 0.00346529
72 -2.2226 -2.2226 0
73 -2.2226 -2.2226 0
74 -2.1896 -2.2061 0.0164977
75 -2.1896 -2.1896 0
76 -2.1896 -2.1896 0
77 -2.1896 -2.1896 0
78 -2.1896 -2.1896 0
79 -2.16547 -2.17754 0.0120668
80 -2.07629 -2.07629 0
81 -2.07629 -2.07629 0
82 -2.07629 -2.07629 0
83 -2.07629 -2.07629 0
84 -2.07629 -2.07629 0
85 -2.07629 -2.07629 0
86 -2.07629 -2.07629 0
87 -2.07629 -2.07629 0
88 -2.07629 -2.07629 0
89 -2.07629 -2.07629 0
90 -2.07629 -2.07629 0
91 -2.07629 -2.07629 0
92 -2.07629 -2.07629 0
93 -2.07629 -2.07629 0
94 -2.07629 -2.07629 0
95 -2.07629 -2.07629 0
96 -2.07629 -2.07629 0
97 -2.07629 -2.07629 0
98 -2.07629 -2.07629 0
99 -2.07629 -2.07629 0
100 -2.07629 -2.07629 0
101 -2.07629 -2.07629 0
102 -2.07629 -2.07629 0
103 -2.07629 -2.07629 0
104 -2.07629 -2.07629 0
105 -2.07618 -2.07623 5.45979e-05
106 -2.07618 -2.07618 0
107 -2.07618 -2.07618 0
108 -2.07618 -2.07618 0
109 -2.07618 -2.07618 0
110 -2.07618 -2.07618 0
111 -2.07618 -2.07618 0
112 -2.07618 -2.07618 0
113 -2.07618 -2.07618 0
114 -2.07618 -2.07618 0
115 -2.07618 -2.07618 0
116 -2.07618 -2.07618 0
117 -2.07618 -2.07618 0
118 -2.07618 -2.07618 0
119 -2.07618 -2.07618 0
120 -2.07618 -2.07618 0
121 -2.07618 -2.07618 0
122 -2.07618 -2.07618 0
123 -2.07618 -2.07618 0
124 -2.07618 -2.07618 0
125 -2.07618 -2.07618 0
126 -2.07618 -2.07618 0
127 -2.07618 -2.07618 0
128 -2.07618 -2.07618 0
129 -1.99979 -2.03798 0.0381945
130 -1.97719 -1.97985 0.00265932
131 -1.93231 -1.95475 0.0224373
132 -1.93231 -1.93231 0
133 -1.91483 -1.92357 0.00874138
134 -1.91483 -1.91483 0
135 -1.91483 -1.91483 0
136 -1.91483 -1.91483 0
137 -1.91483 -1.91483 0
138 -1.91483 -1.91483 0
139 -1.91483 -1.91483 0
140 -1.91483 -1.91483 0
141 -1.91483 -1.91483 0
142 -1.87041 -1.89262 0.0222131
143 -1.87041 -1.87041 0
144 -1.87041 -1.87041 0
145 -1.87041 -1.87041 0
146 -1.87041 -1.87041 0
147 -1.87041 -1.87041 0
148 -1.87041 -1.87041 0
149 -1.87041 -1.87041 0
150 -1.87041 -1.87041 0
151 -1.87041 -1.87041 0
152 -1.87041 -1.87041 0
153 -1.87041 -1.87041 0
154 -1.87041 -1.87041 0
155 -1.87041 -1.87041 0
156 -1.87041 -1.87041 0
157 -1.87041 -1.87041 0
158 -1.87041 -1.87041 0
159 -1.87041 -1.87041 0
160 -1.87041 -1.87041 0
161 -1.86398 -1.86719 0.00321162
162 -1.86398 -1.86398 0
163 -1.86398 -1.86398 0
164 -1.86398 -1.86398 0
165 -1.86398 -1.86398 0
166 -1.86398 -1.86398 0
167 -1.86398 -1.86398 0
168 -1.86398 -1.86398 0
169 -1.86398 -1.86398 0
170 -1.86398 -1.86398 0
171 -1.86398 -1.86398 0
172 -1.86398 -1.86398 0
173 -1.86398 -1.86398 0
174 -1.86398 -1.86398 0
175 -1.86398 -1.86398 0
176 -1.86398 -1.86398 0
177 -1.86398 -1.86398 0
178 -1.86398 -1.86398 0
179 -1.86398 -1.86398 0
180 -1.86398 -1.86398 0
181 -1.86398 -1.86398 0
182 -1.86398 -1.86398 0
183 -1.86398 -1.86398 0
184 -1.86398 -1.86398 0
185 -1.86398 -1.86398 0
186 -1.86398 -1.86398 0
187 -1.86398 -1.86398 0
188 -1.86398 -1.86398 0
189 -1.86398 -1.86398 0
190 -1.86398 -1.86398 0
191 -1.86398 -1.86398 0
192 -1.86398 -1.86398 0
193 -1.86398 -1.86398 0
194 -1.86398 -1.86398 0
195 -1.86398 -1.86398 0
196 -1.86398 -1.86398 0
197 -1.86398 -1.86398 0
198 -1.86398 -1.86398 0
199 -1.86398 -1.86398 0
200 -1.86398 -1.86398 0
201 -1.86398 -1.86398 0
202 -1.86398 -1.86398 0
203 -1.86398 -1.86398 0
204 -1.86398 -1.86398 0
205 -1.86398 -1.86398 0
206 -1.86398 -1.86398 0
207 -1.86398 -1.86398 0
208 -1.86398 -1.86398 0
209 -1.86398 -1.86398 0
210 -1.86398 -1.86398 0
211 -1.86398 -1.86398 0
212 -1.86398 -1.86398 0
213 -1.86398 -1.86398 0
214 -1.86398 -1.86398 0
215 -1.86398 -1.86398 0
216 -1.86398 -1.86398 0
217 -1.86398 -1.86398 0
218 -1.86398 -1.86398 0
219 -1.86398 -1.86398 0
220 -1.86398 -1.86398 0
221 -1.86398 -1.86398 0
222 -1.86398 -1.86398 0
223 -1.84087 -1.85242 0.0115572
224 -1.84087 -1.84087 0
225 -1.84087 -1.84087 0
226 -1.84087 -1.84087 0
227 -1.84087 -1.84087 0
228 -1.84087 -1.84087 0
229 -1.84087 -1.84087 0
230 -1.84087 -1.84087 0
231 -1.84087 -1.84087 0
232 -1.84087 -1.84087 0
233 -1.84087 -1.84087 0
234 -1.84087 -1.84087 0
235 -1.84087 -1.84087 0
236 -1.84087 -1.84087 0
237 -1.84087 -1.84087 0
238 -1.84087 -1.84087 0
239 -1.84087 -1.84087 0
240 -1.84087 -1.84087 0
241 -1.84087 -1.84087 0
242 -1.84087 -1.84087 0
243 -1.84087 -1.84087 0
244 -1.84087 -1.84087 0
245 -1.84087 -1.84087 0
246 -1.84087 -1.84087 0
247 -1.84087 -1.84087 0
248 -1.84087 -1.84087 0
249 -1.84087 -1.84087 0
250 -1.84087 -1.84087 0
251 -1.84087 -1.84087 0
252 -1.84087 -1.84087 0
253 -1.84087 -1.84087 0
254 -1.84087 -1.84087 0
255 -1.84087 -1.84087 0
256 -1.84087 -1.84087 0
257 -1.84087 -1.84087 0
258 -1.84087 -1.84087 0
259 -1.84087 -1.84087 0
260 -1.84087 -1.84087 0
261 -1.84087 -1.84087 0
262 -1.84087 -1.84087 0
263 -1.84087 -1.84087 0
264 -1.84087 -1.84087 0
265 -1.84087 -1.84087 0
266 -1.84087 -1.84087 0
267 -1.84087 -1.84087 0
268 -1.84087 -1.84087 0
269 -1.84087 -1.84087 0
270 -1.84087 -1.84087 0
271 -1.84087 -1.84087 0
272 -1.84087 -1.84087 0
273 -1.84087 -1.84087 0
274 -1.84087 -1.84087 0
275 -1.84087 -1.84087 0
276 -1.84087 -1.84087 0
277 -1.84087 -1.84087 0
278 -1.84087 -1.84087 0
279 -1.84087 -1.84087 0
280 -1.84087 -1.84087 0
281 -1.84087 -1.84087 0
282 -1.84087 -1.84087 0
283 -1.84087 -1.84087 0
284 -1.84087 -1.84087 0
285 -1.84087 -1.84087 0
286 -1.84087 -1.84087 0
287 -1.84087 -1.84087 0
288 -1.84087 -1.84087 0
289 -1.84087 -1.84087 0
290 -1.84087 -1.84087 0
291 -1.84087 -1.84087 0
292 -1.84087 -1.84087 0
293 -1.84087 -1.84087 0
294 -1.84087 -1.84087 0
295 -1.84087 -1.84087 0
296 -1.84087 -1.84087 0
297 -1.84087 -1.84087 0
298 -1.84087 -1.84087 0
299 -1.84087 -1.84087 0
300 -1.84087 -1.84087 0
301 -1.84087 -1.84087 0
302 -1.84087 -1.84087 0
303 -1.84087 -1.84087 0
304 -1.84087 -1.84087 0
305 -1.84087 -1.84087 0
306 -1.84087 -1.84087 0
307 -1.84087 -1.84087 0
308 -1.84087 -1.84087 0
309 -1.84087 -1.84087 0
310 -1.84087 -1.84087 0
311 -1.84087 -1.84087 0
312 -1.84087 -1.84087 0
313 -1.84087 -1.84087 0
314 -1.84087 -1.84087 0
315 -1.84087 -1.84087 0
316 -1.84087 -1.84087 0
317 -1.84087 -1.84087 0
318 -1.84087 -1.84087 0
319 -1.84087 -1.84087 0
320 -1.84087 -1.84087 0
321 -1.84087 -1.84087 0
322 -1.84087 -1.84087 0
323 -1.84087 -1.84087 0
324 -1.84087 -1.84087 0
325 -1.84087 -1.84087 0
326 -1.84087 -1.84087 0
327 -1.84087 -1.84087 0
328 -1.84087 -1.84087 0
329 -1.84087 -1.84087 0
330 -1.84087 -1.84087 0
331 -1.84087 -1.84087 0
332 -1.84087 -1.84087 0
333 -1.84087 -1.84087 0
334 -1.84087 -1.84087 0
335 -1.84087 -1.84087 0
336 -1.84087 -1.84087 0
337 -1.84087 -1.84087 0
338 -1.84087 -1.84087 0
339 -1.84087 -1.84087 0
340 -1.84087 -1.84087 0
341 -1.84087 -1.84087 0
342 -1.84087 -1.84087 0
343 -1.84087 -1.84087 0
344 -1.84087 -1.84087 0
345 -1.84087 -1.84087 0
346 -1.84087 -1.84087 0
347 -1.84087 -1.84087 0
348 -1.84087 -1.84087 0
349 -1.84087 -1.84087 0
350 -1.84087 -1.84087 0
351 -1.84087 -1.84087 0
352 -1.84087 -1.84087 0
353 -1.84087 -1.84087 0
354 -1.84087 -1.84087 0
355 -1.84087 -1.84087 0
356 -1.84087 -1.84087 0
357 -1.84087 -1.84087 0
358 -1.84087 -1.84087 0
359 -1.84087 -1.84087 0
360 -1.84087 -1.84087 0
361 -1.84087 -1.84087 0
362 -1.84087 -1.84087 0
363 -1.84087 -1.84087 0
364 -1.84087 -1.84087 0
365 -1.84087 -1.84087 0
366 -1.84087 -1.84087 0
367 -1.84087 -1.84087 0
368 -1.84087 -1.84087 0
369 -1.84087 -1.84087 0
370 -1.84087 -1.84087 0
371 -1.84087 -1.84087 0
372 -1.84087 -1.84087 0
373 -1.84087 -1.84087 0
374 -1.84087 -1.84087 0
375 -1.84087 -1.84087 0
376 -1.84087 -1.84087 0
377 -1.84087 -1.84087 0
378 -1.84087 -1.84087 0
379 -1.84087 -1.84087 0
380 -1.84087 -1.84087 0
381 -1.84087 -1.84087 0
382 -1.84087 -1.84087 0
383 -1.84087 -1.84087 0
384 -1.84087 -1.84087 0
385 -1.84087 -1.84087 0
386 -1.84087 -1.84087 0
387 -1.84087 -1.84087 0
388 -1.84087 -1.84087 0
389 -1.84087 -1.84087 0
390 -1.84087 -1.84087 0
391 -1.84087 -1.84087 0
392 -1.84087 -1.84087 0
393 -1.84087 -1.84087 0
394 -1.84087 -1.84087 0
395 -1.84087 -1.84087 0
396 -1.84087 -1.84087 0
397 -1.84087 -1.84087 0
398 -1.84087 -1.84087 0
399 -1.84087 -1.84087 0
400 -1.84087 -1.84087 0
401 -1.84087 -1.84087 0
402 -1.84087 -1.84087 0
403 -1.84087 -1.84087 0
404 -1.84087 -1.84087 0
405 -1.84087 -1.84087 0
406 -1.84087 -1.84087 0
407 -1.84087 -1.84087 0
408 -1.84087 -1.84087 0
409 -1.84087 -1.84087 0
410 -1.84087 -1.84087 0
411 -1.84087 -1.84087 0
412 -1.84087 -1.84087 0
413 -1.84087 -1.84087 0
414 -1.84087 -1.84087 0
415 -1.84087 -1.84087 0
416 -1.84087 -1.84087 0
417 -1.84087 -1.84087 0
418 -1.84087 -1.84087 0
419 -1.84087 -1.84087 0
420 -1.84087 -1.84087 0
421 -1.84087 -1.84087 0
422 -1.84087 -1.84087 0
423 -1.84087 -1.84087 0
424 -1.84087 -1.84087 0
425 -1.84087 -1.84087 0
426 -1.84087 -1.84087 0
427 -1.84087 -1.84087 0
428 -1.84087 -1.84087 0
429 -1.84087 -1.84087 0
430 -1.84087 -1.84087 0
431 -1.84087 -1.84087 0
432 -1.84087 -1.84087 0
433 -1.84087 -1.84087 0
434 -1.84087 -1.84087 0
435 -1.84087 -1.84087 0
436 -1.84087 -1.84087 0
437 -1.84087 -1.84087 0
438 -1.84087 -1.84087 0
439 -1.84087 -1.84087 0
440 -1.84087 -1.84087 0
441 -1.84087 -1.84087 0
442 -1.84087 -1.84087 0
443 -1.84087 -1.84087 0
444 -1.84087 -1.84087 0
445 -1.84087 -1.84087 0
446 -1.84087 -1.84087 0
447 -1.84087 -1.84087 0
448 -1.84087 -1.84087 0
449 -1.84087 -1.84087 0
450 -1.84087 -1.84087 0
451 -1.84087 -1.84087 0
452 -1.84087 -1.84087 0
453 -1.84087 -1.84087 0
454 -1.84087 -1.84087 0
455 -1.84087 -1.84087 0
456 -1.84087 -1.84087 0
457 -1.84087 -1.84087 0
458 -1.84087 -1.84087 0
459 -1.84087 -1.84087 0
460 -1.84087 -1.84087 0
461 -1.84087 -1.84087 0
462 -1.84087 -1.84087 0
463 -1.84087 -1.84087 0
464 -1.84087 -1.84087 0
465 -1.84087 -1.84087 0
466 -1.84087 -1.84087 0
467 -1.84087 -1.84087 0
468 -1.84087 -1.84087 0
469 -1.84087 -1.84087 0
470 -1.84087 -1.84087 0
471 -1.84087 -1.84087 0
472 -1.84087 -1.84087 0
473 -1.84087 -1.84087 0
474 -1.84087 -1.84087 0
475 -1.84087 -1.84087 0
476 -1.84087 -1.84087 0
477 -1.84087 -1.84087 0
478 -1.84087 -1.84087 0
479 -1.84087 -1.84087 0
480 -1.84087 -1.84087 0
481 -1.84087 -1.84087 0
482 -1.84087 -1.84087 0
483 -1.84087 -1.84087 0
484 -1.84087 -1.84087 0
485 -1.84087 -1.84087 0
486 -1.84087 -1.84087 0
487 -1.84087 -1.84087 0
488 -1.84087 -1.84087 0
489 -1.84087 -1.84087 0
490 -1.84087 -1.84087 0
491 -1.84087 -1.84087 0
492 -1.84087 -1.84087 0
493 -1.84087 -1.84087 0
494 -1.84087 -1.84087 0
495 -1.84087 -1.84087 0
496 -1.84087 -1.84087 0
497 -1.84087 -1.84087 0
498 -1.84087 -1.84087 0
499 -1.84087 -1.84087 0
500 -1.84087 -1.84087 0
501 -1.84087 -1.84087 0
502 -1.84087 -1.84087 0
503 -1.84087 -1.84087 0
504 -1.84087 -1.84087 0
505 -1.84087 -1.84087 0
506 -1.84087 -1.84087 0
507 -1.84087 -1.84087 0
508 -1.84087 -1.84087 0
509 -1.84087 -1.84087 0
510 -1.84087 -1.84087 0
511 -1.84087 -1.84087 0
512 -1.84087 -1.84087 0
513 -1.84087 -1.84087 0
514 -1.84087 -1.84087 0
515 -1.84087 -1.84087 0
516 -1.84087 -1.84087 0
517 -1.84087 -1.84087 0
518 -1.84087 -1.84087 0
519 -1.84087 -1.84087 0
520 -1.84087 -1.84087 0
521 -1.84087 -1.84087 0
522 -1.84087 -1.84087 0
523 -1.84087 -1.84087 0
524 -1.84087 -1.84087 0
525 -1.84087 -1.84087 0
526 -1.84087 -1.84087 0
527 -1.84087 -1.84087 0
528 -1.84087 -1.84087 0
529 -1.84087 -1.84087 0
530 -1.84087 -1.84087 0
531 -1.84087 -1.84087 0
532 -1.84087 -1.84087 0
533 -1.84087 -1.84087 0
534 -1.84087 -1.84087 0
535 -1.84087 -1.84087 0
536 -1.84087 -1.84087 0
537 -1.84087 -1.84087 0
538 -1.84087 -1.84087 0
539 -1.84087 -1.84087 0
540 -1.84087 -1.84087 0
541 -1.84087 -1.84087 0
542 -1.84087 -1.84087 0
543 -1.84087 -1.84087 0
544 -1.84087 -1.84087 0
545 -1.84087 -1.84087 0
546 -1.84087 -1.84087 0
547 -1.84087 -1.84087 0
548 -1.84087 -1.84087 0
549 -1.84087 -1.84087 0
550 -1.84087 -1.84087 0
551 -1.84087 -1.84087 0
552 -1.84087 -1.84087 0
553 -1.84087 -1.84087 0
554 -1.84087 -1.84087 0
555 -1.84087 -1.84087 0
556 -1.84087 -1.84087 0
557 -1.84087 -1.84087 0
558 -1.84087 -1.84087 0
559 -1.84087 -1.84087 0
560 -1.84087 -1.84087 0
561 -1.84087 -1.84087 0
562 -1.84087 -1.84087 0
563 -1.84087 -1.84087 0
564 -1.84087 -1.84087 0
565 -1.84087 -1.84087 0
566 -1.84087 -1.84087 0
567 -1.84087 -1.84087 0
568 -1.84087 -1.84087 0
569 -1.84087 -1.84087 0
570 -1.84087 -1.84087 0
571 -1.84087 -1.84087 0
572 -1.84087 -1.84087 0
573 -1.84087 -1.84087 0
574 -1.84087 -1.84087 0
575 -1.84087 -1.84087 0
576 -1.84087 -1.84087 0
577 -1.84087 -1.84087 0
578 -1.84087 -1.84087 0
579 -1.84087 -1.84087 0
580 -1.84087 -1.84087 0
581 -1.84087 -1.84087 0
582 -1.84087 -1.84087 0
583 -1.84087 -1.84087 0
584 -1.84087 -1.84087 0
585 -1.84087 -1.84087 0
586 -1.84087 -1.84087 0
587 -1.84087 -1.84087 0
588 -1.84087 -1.84087 0
589 -1.84087 -1.84087 0
590 -1.84087 -1.84087 0
591 -1.54605 -1.69346 0.147407
592 -1.48691 -1.51648 0.0295734
593 -1.48691 -1.48691 0
594 -1.48691 -1.48691 0
595 -1.31798 -1.40244 0.0844643
596 -1.25159 -1.28469 0.0330957
597 -1.24972 -1.25066 0.000937045
598 -1.24243 -1.24608 0.00364423
599 -1.23799 -1.24021 0.00222039
600 -1.23799 -1.23799 0
601 -1.23799 -1.23799 0
602 -1.23799 -1.23799 0
603 -1.23747 -1.23773 0.000261068
604 -1.22416 -1.23082 0.00665224
605 -1.22416 -1.22416 0
606 -1.22416 -1.22416 0
607 -1.22416 -1.22416 0
608 -1.20434 -1.21425 0.00991046
609 -1.20434 -1.20434 0
610 -1.20434 -1.20434 0
611 -1.20226 -1.2033 0.00104147
612 -1.20226 -1.20226 0
613 -1.20226 -1.20226 0
614 -1.20226 -1.20226 0
615 -1.19867 -1.20046 0.00179732
616 -1.19867 -1.19867 0
617 -1.19867 -1.19867 0
618 -1.19867 -1.19867 0
619 -1.19867 -1.19867 0
620 -1.19867 -1.19867 0
621 -1.19867 -1.19867 0
622 -1.19867 -1.19867 0
623 -1.19867 -1.19867 0
624 -1.19288 -1.19577 0.00289112
625 -1.19288 -1.19288 0
626 -1.19288 -1.19288 0
627 -1.19288 -1.19288 0
628 -1.19288 -1.19288 0
629 -1.19288 -1.19288 0
630 -1.19288 -1.19288 0
631 -1.19288 -1.19288 0
632 -1.19288 -1.19288 0
633 -1.19288 -1.19288 0
634 -1.19288 -1.19288 0
635 -1.19288 -1.19288 0
636 -1.19288 -1.19288 0
637 -1.19288 -1.19288 0
638 -1.17466 -1.18377 0.00911063
639 -1.17466 -1.17466 0
640 -1.17466 -1.17466 0
641 -1.16124 -1.16795 0.00670922
642 -1.16124 -1.16124 0
643 -1.16124 -1.16124 0
644 -1.16124 -1.16124 0
645 -1.16124 -1.16124 0
646 -1.16124 -1.16124 0
647 -1.16124 -1.16124 0
648 -1.16124 -1.16124 0
649 -1.16124 -1.16124 0
650 -1.16124 -1.16124 0
651 -1.16124 -1.16124 0
652 -1.16124 -1.16124 0
653 -1.16124 -1.16124 0
654 -1.16124 -1.16124 0
655 -1.16124 -1.16124 0
656 -1.16124 -1.16124 0
657 -1.16124 -1.16124 0
658 -1.16112 -1.16118 6.07967e-05
659 -1.16112 -1.16112 0
660 -1.16112 -1.16112 0
661 -1.16112 -1.16112 0
662 -1.16112 -1.16112 0
663 -1.16112 -1.16112 0
664 -1.12939 -1.14525 0.0158679
665 -1.12939 -1.12939 0
666 -1.12939 -1.12939 0
667 -1.12939 -1.12939 0
668 -1.12939 -1.12939 0
669 -1.12939 -1.12939 0
670 -1.12939 -1.12939 0
671 -1.12939 -1.12939 0
672 -1.12939 -1.12939 0
673 -1.12939 -1.12939 0
674 -1.12922 -1.12931 8.06451e-05
675 -1.12922 -1.12922 0
676 -1.12922 -1.12922 0
677 -1.12922 -1.12922 0
678 -1.12922 -1.12922 0
679 -1.12922 -1.12922 0
680 -1.12922 -1.12922 0
681 -1.12922 -1.12922 0
682 -1.12922 -1.12922 0
683 -1.12922 -1.12922 0
684 -1.12922 -1.12922 0
685 -1.12922 -1.12922 0
686 -1.12922 -1.12922 0
687 -1.12922 -1.12922 0
688 -1.12922 -1.12922 0
689 -1.12922 -1.12922 0
690 -1.12922 -1.12922 0
691 -1.12922 -1.12922 0
692 -1.12922 -1.12922 0
693 -1.12922 -1.12922 0
694 -1.12727 -1.12825 0.000977516
695 -1.12727 -1.12727 0
696 -1.12727 -1.12727 0
697 -1.12727 -1.12727 0
698 -1.12727 -1.12727 0
699 -1.12219 -1.12473 0.00254029
700 -1.12219 -1.12219 0
701 -1.12219 -1.12219 0
702 -1.12219 -1.12219 0
703 -1.12219 -1.12219 0
704 -1.12219 -1.12219 0
705 -1.12219 -1.12219 0
706 -1.12219 -1.12219 0
707 -1.12219 -1.12219 0
708 -1.12219 -1.12219 0
709 -1.12219 -1.12219 0
710 -1.12219 -1.12219 0
711 -1.12219 -1.12219 0
712 -1.12219 -1.12219 0
713 -1.12219 -1.12219 0
714 -1.12219 -1.12219 0
715 -1.12219 -1.12219 0
716 -1.12219 -1.12219 0
717 -1.12219 -1.12219 0
718 -1.12219 -1.12219 0
719 -1.12219 -1.12219 0
720 -1.12219 -1.12219 0
721 -1.12219 -1.12219 0
722 -1.12219 -1.12219 0
723 -1.12219 -1.12219 0
724 -1.12219 -1.12219 0
725 -1.12219 -1.12219 0
726 -1.12219 -1.12219 0
727 -1.12219 -1.12219 0
728 -1.12219 -1.12219 0
729 -1.12219 -1.12219 0
730 -1.12219 -1.12219 0
731 -1.12219 -1.12219 0
732 -1.1218 -1.122 0.000193596
733 -1.1218 -1.1218 0
734 -1.1218 -1.1218 0
735 -1.1218 -1.1218 0
736 -1.1218 -1.1218 0
737 -1.1218 -1.1218 0
738 -1.1218 -1.1218 0
739 -1.1218 -1.1218 0
740 -1.1218 -1.1218 0
741 -1.1218 -1.1218 0
742 -1.1218 -1.1218 0
743 -1.1218 -1.1218 0
744 -1.1218 -1.1218 0
745 -1.1218 -1.1218 0
746 -1.1218 -1.1218 0
747 -1.1218 -1.1218 0
748 -1.1218 -1.1218 0
749 -1.1218 -1.1218 0
750 -1.1218 -1.1218 0
751 -1.1218 -1.1218 0
752 -1.1218 -1.1218 0
753 -1.1218 -1.1218 0
754 -1.1218 -1.1218 0
755 -1.1218 -1.1218 0
756 -1.1218 -1.1218 0
757 -1.1218 -1.1218 0
758 -1.1218 -1.1218 0
759 -1.1218 -1.1218 0
760 -1.1218 -1.1218 0
761 -1.1218 -1.1218 0
762 -1.1218 -1.1218 0
763 -1.1218 -1.1218 0
764 -1.1218 -1.1218 0
765 -1.1218 -1.1218 0
766 -1.1218 -1.1218 0
767 -1.1218 -1.1218 0
768 -1.1218 -1.1218 0
769 -1.1218 -1.1218 0
770 -1.1218 -1.1218 0
771 -1.1218 -1.1218 0
772 -1.1218 -1.1218 0
773 -1.1218 -1.1218 0
774 -1.1218 -1.1218 0
775 -1.1218 -1.1218 0
776 -1.1218 -1.1218 0
777 -1.1218 -1.1218 0
778 -1.1218 -1.1218 0
779 -1.1218 -1.1218 0
780 -1.1218 -1.1218 0
781 -1.1218 -1.1218 0
782 -1.1218 -1.1218 0
783 -1.1218 -1.1218 0
784 -1.1218 -1.1218 0
785 -1.1218 -1.1218 0
786 -1.1218 -1.1218 0
787 -1.1218 -1.1218 0
788 -1.1218 -1.1218 0
789 -1.1218 -1.1218 0
790 -1.1218 -1.1218 0
791 -1.1218 -1.1218 0
792 -1.1218 -1.1218 0
793 -1.1218 -1.1218 0
794 -1.1218 -1.1218 0
795 -1.1218 -1.1218 0
796 -1.1218 -1.1218 0
797 -1.1218 -1.1218 0
798 -1.1218 -1.1218 0
799 -1.1218 -1.1218 0
800 -1.1218 -1.1218 0
801 -1.1218 -1.1218 0
802 -1.1218 -1.1218 0
803 -1.1218 -1.1218 0
804 -1.1218 -1.1218 0
805 -1.1218 -1.1218 0
806 -1.1218 -1.1218 0
807 -1.1218 -1.1218 0
808 -1.1218 -1.1218 0
809 -1.1218 -1.1218 0
810 -1.1218 -1.1218 0
811 -1.1218 -1.1218 0
812 -1.1218 -1.1218 0
813 -1.1218 -1.1218 0
814 -1.1218 -1.1218 0
815 -1.1218 -1.1218 0
816 -1.12176 -1.12178 2.22921e-05
817 -1.12176 -1.12176 0
818 -1.12176 -1.12176 0
819 -1.12176 -1.12176 0
820 -1.12176 -1.12176 0
821 -1.12176 -1.12176 0
822 -1.12176 -1.12176 0
823 -1.12176 -1.12176 0
824 -1.12176 -1.12176 0
825 -1.12176 -1.12176 0
826 -1.12176 -1.12176 0
827 -1.12176 -1.12176 0
828 -1.12176 -1.12176 0
829 -1.12176 -1.12176 0
830 -1.12176 -1.12176 0
831 -1.12176 -1.12176 0
832 -1.12176 -1.12176 0
833 -1.12176 -1.12176 0
834 -1.12176 -1.12176 0
835 -1.12176 -1.12176 0
836 -1.12176 -1.12176 0
837 -1.12176 -1.12176 0
838 -1.12176 -1.12176 0
839 -1.12176 -1.12176 0
840 -1.12176 -1.12176 0
841 -1.12176 -1.12176 0
842 -1.12176 -1.12176 0
843 -1.12176 -1.12176 0
844 -1.12176 -1.12176 0
845 -1.12176 -1.12176 0
846 -1.12176 -1.12176 0
847 -1.12176 -1.12176 0
848 -1.12176 -1.12176 0
849 -1.12176 -1.12176 0
850 -1.12176 -1.12176 0
851 -1.12176 -1.12176 0
852 -1.12176 -1.12176 0
853 -1.12176 -1.12176 0
854 -1.12176 -1.12176 0
855 -1.12176 -1.12176 0
856 -1.12176 -1.12176 0
857 -1.12176 -1.12176 0
858 -1.12176 -1.12176 0
859 -1.12176 -1.12176 0
860 -1.12176 -1.12176 0
861 -1.12176 -1.12176 0
862 -1.12176 -1.12176 0
863 -1.12176 -1.12176 0
864 -1.12176 -1.12176 0
865 -1.12176 -1.12176 0
866 -1.12176 -1.12176 0
867 -1.12176 -1.12176 0
868 -1.12176 -1.12176 0
869 -1.12176 -1.12176 0
870 -1.1217 -1.12173 2.83718e-05
871 -1.1217 -1.1217 0
872 -1.1217 -1.1217 0
873 -1.1217 -1.1217 0
874 -1.1217 -1.1217 0
875 -1.1217 -1.1217 0
876 -1.1217 -1.1217 0
877 -1.1217 -1.1217 0
878 -1.1217 -1.1217 0
879 -1.1217 -1.1217 0
880 -1.1217 -1.1217 0
881 -1.1217 -1.1217 0
882 -1.1217 -1.1217 0
883 -1.1217 -1.1217 0
884 -1.1217 -1.1217 0
885 -1.10377 -1.11273 0.00896657
886 -1.10377 -1.10377 0
887 -1.10377 -1.10377 0
888 -1.10377 -1.10377 0
889 -1.10377 -1.10377 0
890 -1.10377 -1.10377 0
891 -1.10377 -1.10377 0
892 -1.10377 -1.10377 0
893 -1.10377 -1.10377 0
894 -1.10377 -1.10377 0
895 -1.10377 -1.10377 0
896 -1.10377 -1.10377 0
897 -1.10377 -1.10377 0
898 -1.10377 -1.10377 0
899 -1.10377 -1.10377 0
900 -1.10377 -1.10377 0
901 -1.08651 -1.09124 0.00472963
902 -1.08651 -1.08651 0
903 -1.08651 -1.08651 0
904 -1.08651 -1.08651 0
905 -1.08651 -1.08651 0
906 -1.08651 -1.08651 0
907 -1.08651 -1.08651 0
908 -1.08651 -1.08651 0
909 -1.08651 -1.08651 0
910 -1.08651 -1.08651 0
911 -1.08651 -1.08651 0
912 -1.08651 -1.08651 0
913 -1.08651 -1.08651 0
914 -1.08651 -1.08651 0
915 -1.08651 -1.08651 0
916 -1.08651 -1.08651 0
917 -1.08651 -1.08651 0
918 -1.08651 -1.08651 0
919 -1.08651 -1.08651 0
920 -1.08651 -1.08651 0
921 -1.08651 -1.08651 0
922 -1.08651 -1.08651 0
923 -1.08651 -1.08651 0
924 -1.08651 -1.08651 0
925 -1.08651 -1.08651 0
926 -1.08651 -1.08651 0
927 -1.08651 -1.08651 0
928 -1.08651 -1.08651 0
929 -1.08651 -1.08651 0
930 -1.08651 -1.08651 0
931 -1.08651 -1.08651 0
932 -1.08651 -1.08651 0
933 -1.08651 -1.08651 0
934 -1.08651 -1.08651 0
935 -1.08651 -1.08651 0
936 -1.08651 -1.08651 0
937 -1.08651 -1.08651 0
938 -1.08651 -1.08651 0
939 -1.08651 -1.08651 0
940 -1.08651 -1.08651 0
941 -1.08651 -1.08651 0
942 -1.08651 -1.08651 0
943 -1.08651 -1.08651 0
944 -1.08651 -1.08651 0
945 -1.08651 -1.08651 0
946 -1.08651 -1.08651 0
947 -1.08651 -1.08651 0
948 -1.08651 -1.08651 0
949 -1.08651 -1.08651 0
950 -1.08651 -1.08651 0
951 -1.08651 -1.08651 0
952 -1.08651 -1.08651 0
953 -1.08651 -1.08651 0
954 -1.08651 -1.08651 0
955 -1.08651 -1.08651 0
956 -1.08651 -1.08651 0
957 -1.08651 -1.08651 0
958 -1.08651 -1.08651 0
959 -1.08651 -1.08651 0
960 -1.08651 -1.08651 0
961 -1.08651 -1.08651 0
962 -1.08651 -1.08651 0
963 -1.08651 -1.08651 0
964 -1.08651 -1.08651 0
965 -1.08651 -1.08651 0
966 -1.08651 -1.08651 0
967 -1.08651 -1.08651 0
968 -1.08651 -1.08651 0
969 -1.08651 -1.08651 0
970 -1.08651 -1.08651 0
971 -1.08651 -1.08651 0
972 -1.08651 -1.08651 0
973 -1.08651 -1.08651 0
974 -1.08651 -1.08651 0
975 -1.08651 -1.08651 0
976 -1.08651 -1.08651 0
977 -1.08651 -1.08651 0
978 -1.08651 -1.08651 0
979 -1.08651 -1.08651 0
980 -1.08651 -1.08651 0
981 -1.08651 -1.08651 0
982 -1.08651 -1.08651 0
983 -1.08651 -1.08651 0
984 -1.08651 -1.08651 0
985 -1.08651 -1.08651 0
986 -1.08651 -1.08651 0
987 -1.08651 -1.08651 0
988 -1.08651 -1.08651 0
989 -1.08651 -1.08651 0
990 -1.08651 -1.08651 0
991 -1.08651 -1.08651 0
992 -1.08651 -1.08651 0
993 -1.08651 -1.08651 0
994 -1.08651 -1.08651 0
995 -1.08252 -1.08451 0.00199515
996 -1.08252 -1.08252 0
997 -1.08252 -1.08252 0
998 -1.08252 -1.08252 0
999 -1.08252 -1.08252 0
1000 -1.08252 -1.08252 0
1001 -1.08252 -1.08252 0
1002 -1.08252 -1.08252 0
1003 -1.08252 -1.08252 0
1004 -1.08252 -1.08252 0
1005 -1.08252 -1.08252 0
1006 -1.08252 -1.08252 0
1007 -1.08252 -1.08252 0
1008 -1.08252 -1.08252 0
1009 -1.08252 -1.08252 0
1010 -1.08252 -1.08252 0
1011 -1.08252 -1.08252 0
1012 -1.08252 -1.08252 0
1013 -1.08252 -1.08252 0
1014 -1.08252 -1.08252 0
1015 -1.08252 -1.08252 0
1016 -1.08252 -1.08252 0
1017 -1.08252 -1.08252 0
1018 -1.08252 -1.08252 0
1019 -1.08252 -1.08252 0
1020 -1.08252 -1.08252 0
1021 -1.08252 -1.08252 0
1022 -1.08252 -1.08252 0
1023 -1.08252 -1.08252 0
1024 -1.08252 -1.08252 0
1025 -1.08252 -1.08252 0
1026 -1.08252 -1.08252 0
1027 -1.08252 -1.08252 0
1028 -1.08252 -1.08252 0
1029 -1.08252 -1.08252 0
1030 -1.08252 -1.08252 0
1031 -1.08252 -1.08252 0
1032 -1.08252 -1.08252 0
1033 -1.08252 -1.08252 0
1034 -1.08252 -1.08252 0
1035 -1.08252 -1.08252 0
1036 -1.08252 -1.08252 0
1037 -1.08252 -1.08252 0
1038 -1.08252 -1.08252 0
1039 -1.08252 -1.08252 0
1040 -1.08252 -1.08252 0
1041 -1.08252 -1.08252 0
1042 -1.08252 -1.08252 0
1043 -1.00654 -1.04453 0.0379879
1044 -1.00654 -1.00654 0
1045 -1.00654 -1.00654 0
1046 -1.00654 -1.00654 0
1047 -1.00654 -1.00654 0
1048 -1.00654 -1.00654 0
1049 -1.00654 -1.00654 0
1050 -1.00654 -1.00654 0
1051 -1.00654 -1.00654 0
1052 -1.00654 -1.00654 0
1053 -1.00654 -1.00654 0
1054 -1.00654 -1.00654 0
1055 -1.00654 -1.00654 0
1056 -1.00654 -1.00654 0
1057 -1.00654 -1.00654 0
1058 -1.00654 -1.00654 0
1059 -1.00654 -1.00654 0
1060 -1.00654 -1.00654 0
1061 -1.00654 -1.00654 0
1062 -1.00654 -1.00654 0
1063 -1.00654 -1.00654 0
1064 -1.00654 -1.00654 0
1065 -1.00654 -1.00654 0
1066 -1.00654 -1.00654 0
1067 -1.00654 -1.00654 0
1068 -1.00654 -1.00654 0
1069 -1.00654 -1.00654 0
1070 -1.00654 -1.00654 0
1071 -1.00654 -1.00654 0
1072 -1.00654 -1.00654 0
1073 -1.00654 -1.00654 0
1074 -1.00654 -1.00654 0
1075 -1.00654 -1.00654 0
1076 -1.00654 -1.00654 0
1077 -1.00654 -1.00654 0
1078 -1.00654 -1.00654 0
1079 -1.00654 -1.00654 0
1080 -1.00654 -1.00654 0
1081 -1.00654 -1.00654 0
1082 -1.00654 -1.00654 0
1083 -1.00654 -1.00654 0
1084 -1.00654 -1.00654 0
1085 -1.00654 -1.00654 0
1086 -1.00654 -1.00654 0
1087 -1.00654 -1.00654 0
1088 -1.00654 -1.00654 0
1089 -1.00654 -1.00654 0
1090 -1.00654 -1.00654 0
1091 -1.00654 -1.00654 0
1092 -1.00654 -1.00654 0
1093 -1.00654 -1.00654 0
1094 -1.00654 -1.00654 0
1095 -1.00654 -1.00654 0
1096 -1.00654 -1.00654 0
1097 -1.00654 -1.00654 0
1098 -1.00654 -1.00654 0
1099 -1.00654 -1.00654 0
1100 -1.00654 -1.00654 0
1101 -1.00654 -1.00654 0
1102 -1.00654 -1.00654 0
1103 -1.00654 -1.00654 0
1104 -1.00654 -1.00654 0
1105 -1.00654 -1.00654 0
1106 -1.00654 -1.00654 0
1107 -1.00654 -1.00654 0
1108 -1.00654 -1.00654 0
1109 -1.00654 -1.00654 0
1110 -1.00654 -1.00654 0
1111 -1.00654 -1.00654 0
1112 -1.00654 -1.00654 0
1113 -1.00654 -1.00654 0
1114 -1.00654 -1.00654 0
1115 -1.00654 -1.00654 0
1116 -1.00654 -1.00654 0
1117 -1.00654 -1.00654 0
1118 -1.00654 -1.00654 0
1119 -1.00654 -1.00654 0
1120 -1.00654 -1.00654 0
1121 -1.00654 -1.00654 0
1122 -1.00654 -1.00654 0
1123 -1.00654 -1.00654 0
1124 -1.00654 -1.00654 0
1125 -1.00654 -1.00654 0
1126 -1.00654 -1.00654 0
1127 -1.00654 -1.00654 0
1128 -1.00654 -1.00654 0
1129 -1.00654 -1.00654 0
1130 -1.00654 -1.00654 0
1131 -1.00654 -1.00654 0
1132 -1.00654 -1.00654 0
1133 -1.00654 -1.00654 0
1134 -1.00654 -1.00654 0
1135 -1.00654 -1.00654 0
1136 -1.00654 -1.00654 0
1137 -1.00654 -1.00654 0
1138 -1.00654 -1.00654 0
1139 -1.00654 -1.00654 0
1140 -1.00654 -1.00654 0
1141 -1.00654 -1.00654 0
1142 -1.00654 -1.00654 0
1143 -1.00654 -1.00654 0
1144 -1.00654 -1.00654 0
1145 -1.00654 -1.00654 0
1146 -1.00654 -1.00654 0
1147 -1.00654 -1.00654 0
1148 -1.00654 -1.00654 0
1149 -1.00654 -1.00654 0
1150 -1.00654 -1.00654 0
1151 -1.00654 -1.00654 0
1152 -1.00654 -1.00654 0
1153 -1.00654 -1.00654 0
1154 -1.00654 -1.00654 0
1155 -1.00654 -1.00654 0
1156 -1.00654 -1.00654 0
1157 -1.00654 -1.00654 0
1158 -1.00654 -1.00654 0
1159 -1.00654 -1.00654 0
1160 -1.00654 -1.00654 0
1161 -1.00654 -1.00654 0
1162 -1.00654 -1.00654 0
1163 -1.00654 -1.00654 0
1164 -1.00654 -1.00654 0
1165 -1.00654 -1.00654 0
1166 -1.00654 -1.00654 0
1167 -1.00654 -1.00654 0
1168 -1.00654 -1.00654 0
1169 -1.00654 -1.00654 0
1170 -1.00654 -1.00654 0
1171 -1.00654 -1.00654 0
1172 -1.00654 -1.00654 0
1173 -1.00654 -1.00654 0
1174 -1.00654 -1.00654 0
1175 -1.00654 -1.00654 0
1176 -1.00654 -1.00654 0
1177 -1.00654 -1.00654 0
1178 -1.00654 -1.00654 0
1179 -1.00654 -1.00654 0
1180 -1.00654 -1.00654 0
1181 -1.00654 -1.00654 0
1182 -1.00654 -1.00654 0
1183 -1.00654 -1.00654 0
1184 -1.00654 -1.00654 0
1185 -1.00654 -1.00654 0
1186 -1.00654 -1.00654 0
1187 -1.00654 -1.00654 0
1188 -1.00654 -1.00654 0
1189 -1.00654 -1.00654 0
1190 -1.00654 -1.00654 0
1191 -1.00654 -1.00654 0
1192 -1.00654 -1.00654 0
1193 -1.00654 -1.00654 0
1194 -1.00654 -1.00654 0
1195 -1.00654 -1.00654 0
1196 -1.00654 -1.00654 0
1197 -1.00654 -1.00654 0
1198 -1.00654 -1.00654 0
1199 -1.00654 -1.00654 0
1200 -1.00654 -1.00654 0
1201 -1.00654 -1.00654 0
1202 -1.00654 -1.00654 0
1203 -1.00654 -1.00654 0
1204 -1.00654 -1.00654 0
1205 -1.00654 -1.00654 0
1206 -1.00654 -1.00654 0
1207 -1.00654 -1.00654 0
1208 -1.00654 -1.00654 0
1209 -1.00654 -1.00654 0
1210 -1.00654 -1.00654 0
1211 -1.00654 -1.00654 0
1212 -1.00654 -1.00654 0
1213 -1.00654 -1.00654 0
1214 -1.00654 -1.00654 0
1215 -1.00654 -1.00654 0
1216 -1.00654 -1.00654 0
1217 -1.00654 -1.00654 0
1218 -1.00654 -1.00654 0
1219 -1.00654 -1.00654 0
1220 -1.00438 -1.00546 0.00107902
1221 -1.00438 -1.00438 0
1222 -1.00438 -1.00438 0
1223 -0.99857 -1.00148 0.00290561
1224 -0.98163 -0.990096 0.00846574
1225 -0.981621 -0.981625 4.64916e-06
1226 -0.981621 -0.981625 4.64916e-06
1227 -0.981621 -0.981621 0
1228 -0.981621 -0.981621 0
1229 -0.981621 -0.981621 0
1230 -0.978708 -0.980165 0.00145614
1231 -0.973096 -0.975902 0.00280637
1232 -0.973096 -0.973096 0
1233 -0.973096 -0.973096 0
1234 -0.973096 -0.973096 0
1235 -0.973096 -0.973096 0
1236 -0.973096 -0.973096 0
1237 -0.973096 -0.973096 0
1238 -0.973096 -0.973096 0
1239 -0.973096 -0.973096 0
1240 -0.973096 -0.973096 0
1241 -0.973096 -0.973096 0
1242 -0.973096 -0.973096 0
1243 -0.973096 -0.973096 0
1244 -0.958792 -0.965944 0.00715199
1245 -0.958792 -0.958792 0
1246 -0.958792 -0.958792 0
1247 -0.958792 -0.958792 0
1248 -0.958792 -0.958792 0
1249 -0.950592 -0.954692 0.00409985
1250 -0.950592 -0.950592 0
1251 -0.950592 -0.950592 0
1252 -0.950592 -0.950592 0
1253 -0.950592 -0.950592 0
1254 -0.950592 -0.950592 0
1255 -0.947907 -0.94925 0.00134227
1256 -0.947907 -0.947907 0
1257 -0.947832 -0.94787 3.76105e-05
1258 -0.947832 -0.947832 0
1259 -0.947832 -0.947832 0
1260 -0.947832 -0.947832 0
1261 -0.947832 -0.947832 0
1262 -0.947832 -0.947832 0
1263 -0.947832 -0.947832 0
1264 -0.947832 -0.947832 0
1265 -0.947832 -0.947832 0
1266 -0.947832 -0.947832 0
1267 -0.947832 -0.947832 0
1268 -0.947832 -0.947832 0
1269 -0.947783 -0.947808 2.46167e-05
1270 -0.947783 -0.947783 0
1271 -0.947783 -0.947783 0
1272 -0.947783 -0.947783 0
1273 -0.947783 -0.947783 0
1274 -0.947783 -0.947783 0
1275 -0.947783 -0.947783 0
1276 -0.94769 -0.947736 4.67002e-05
1277 -0.94769 -0.94769 0
1278 -0.94769 -0.94769 0
1279 -0.94769 -0.94769 0
1280 -0.94769 -0.94769 0
1281 -0.94769 -0.94769 0
1282 -0.94769 -0.94769 0
1283 -0.94769 -0.94769 0
1284 -0.94769 -0.94769 0
1285 -0.94769 -0.94769 0
1286 -0.94769 -0.94769 0
1287 -0.946369 -0.947029 0.000660121
1288 -0.946369 -0.946369 0
1289 -0.946369 -0.946369 0
1290 -0.946369 -0.946369 0
1291 -0.946369 -0.946369 0
1292 -0.946369 -0.946369 0
1293 -0.946369 -0.946369 0
1294 -0.946369 -0.946369 0
1295 -0.946369 -0.946369 0
1296 -0.946369 -0.946369 0
1297 -0.946369 -0.946369 0
1298 -0.946369 -0.946369 0
1299 -0.920546 -0.933458 0.0129117
1300 -0.920546 -0.920546 0
1301 -0.920546 -0.920546 0
1302 -0.920546 -0.920546 0
1303 -0.919245 -0.919896 0.000650227
1304 -0.919245 -0.919245 0
1305 -0.919245 -0.919245 0
1306 -0.919245 -0.919245 0
1307 -0.919245 -0.919245 0
1308 -0.919245 -0.919245 0
1309 -0.919245 -0.919245 0
1310 -0.919245 -0.919245 0
1311 -0.919245 -0.919245 0
1312 -0.919245 -0.919245 0
1313 -0.919245 -0.919245 0
1314 -0.919245 -0.919245 0
1315 -0.919245 -0.919245 0
1316 -0.919245 -0.919245 0
1317 -0.919245 -0.919245 0
1318 -0.919245 -0.919245 0
1319 -0.919245 -0.919245 0
1320 -0.918342 -0.918793 0.000451982
1321 -0.918342 -0.918342 0
1322 -0.918342 -0.918342 0
1323 -0.918342 -0.918342 0
1324 -0.918342 -0.918342 0
1325 -0.918342 -0.918342 0
1326 -0.918342 -0.918342 0
1327 -0.918342 -0.918342 0
1328 -0.918342 -0.918342 0
1329 -0.918342 -0.918342 0
1330 -0.918342 -0.918342 0
1331 -0.918342 -0.918342 0
1332 -0.918342 -0.918342 0
1333 -0.918342 -0.918342 0
1334 -0.918342 -0.918342 0
1335 -0.918342 -0.918342 0
1336 -0.918342 -0.918342 0
1337 -0.918342 -0.918342 0
1338 -0.918342 -0.918342 0
1339 -0.918342 -0.918342 0
1340 -0.918342 -0.918342 0
1341 -0.918342 -0.918342 0
1342 -0.918342 -0.918342 0
1343 -0.918342 -0.918342 0
1344 -0.918342 -0.918342 0
1345 -0.918342 -0.918342 0
1346 -0.918342 -0.918342 0
1347 -0.918342 -0.918342 0
1348 -0.918342 -0.918342 0
1349 -0.918342 -0.918342 0
1350 -0.918342 -0.918342 0
1351 -0.918342 -0.918342 0
1352 -0.918342 -0.918342 0
1353 -0.918342 -0.918342 0
1354 -0.918342 -0.918342 0
1355 -0.918342 -0.918342 0
1356 -0.918342 -0.918342 0
1357 -0.918342 -0.918342 0
1358 -0.918342 -0.918342 0
1359 -0.918342 -0.918342 0
1360 -0.918342 -0.918342 0
1361 -0.918342 -0.918342 0
1362 -0.918342 -0.918342 0
1363 -0.918342 -0.918342 0
1364 -0.918342 -0.918342 0
1365 -0.918342 -0.918342 0
1366 -0.918342 -0.918342 0
1367 -0.918342 -0.918342 0
1368 -0.918342 -0.918342 0
1369 -0.918342 -0.918342 0
1370 -0.918342 -0.918342 0
1371 -0.918342 -0.918342 0
1372 -0.918342 -0.918342 0
1373 -0.918342 -0.918342 0
1374 -0.918342 -0.918342 0
1375 -0.918342 -0.918342 0
1376 -0.918342 -0.918342 0
1377 -0.918342 -0.918342 0
1378 -0.918342 -0.918342 0
1379 -0.918342 -0.918342 0
1380 -0.918342 -0.918342 0
1381 -0.918342 -0.918342 0
1382 -0.918342 -0.918342 0
1383 -0.918342 -0.918342 0
1384 -0.898696 -0.908519 0.00982273
1385 -0.898696 -0.898696 0
1386 -0.898696 -0.898696 0
1387 -0.898696 -0.898696 0
1388 -0.893131 -0.895914 0.00278229
1389 -0.893131 -0.893131 0
1390 -0.893131 -0.893131 0
1391 -0.893131 -0.893131 0
1392 -0.893131 -0.893131 0
1393 -0.893131 -0.893131 0
1394 -0.893131 -0.893131 0
1395 -0.893131 -0.893131 0
1396 -0.893131 -0.893131 0
1397 -0.893131 -0.893131 0
1398 -0.892256 -0.892694 0.000437826
1399 -0.892256 -0.892256 0
1400 -0.892256 -0.892256 0
1401 -0.892256 -0.892256 0
1402 -0.892256 -0.892256 0
1403 -0.892256 -0.892256 0
1404 -0.892256 -0.892256 0
1405 -0.892256 -0.892256 0
1406 -0.892256 -0.892256 0
1407 -0.892256 -0.892256 0
1408 -0.892256 -0.892256 0
1409 -0.884932 -0.888594 0.00366181
1410 -0.884932 -0.884932 0
1411 -0.884932 -0.884932 0
1412 -0.884932 -0.884932 0
1413 -0.884932 -0.884932 0
1414 -0.884932 -0.884932 0
1415 -0.884932 -0.884932 0
1416 -0.884932 -0.884932 0
1417 -0.884932 -0.884932 0
1418 -0.884932 -0.884932 0
1419 -0.884932 -0.884932 0
1420 -0.884932 -0.884932 0
1421 -0.884932 -0.884932 0
1422 -0.884932 -0.884932 0
1423 -0.884932 -0.884932 0
1424 -0.884932 -0.884932 0
1425 -0.884932 -0.884932 0
1426 -0.884932 -0.884932 0
1427 -0.884932 -0.884932 0
1428 -0.884932 -0.884932 0
1429 -0.884932 -0.884932 0
1430 -0.884932 -0.884932 0
1431 -0.884932 -0.884932 0
1432 -0.884932 -0.884932 0
1433 -0.884932 -0.884932 0
1434 -0.884932 -0.884932 0
1435 -0.884932 -0.884932 0
1436 -0.884932 -0.884932 0
1437 -0.884932 -0.884932 0
1438 -0.884932 -0.884932 0
1439 -0.884932 -0.884932 0
1440 -0.884932 -0.884932 0
1441 -0.884932 -0.884932 0
1442 -0.884932 -0.884932 0
1443 -0.884932 -0.884932 0
1444 -0.884932 -0.884932 0
1445 -0.884932 -0.884932 0
1446 -0.884932 -0.884932 0
1447 -0.884932 -0.884932 0
1448 -0.884932 -0.884932 0
1449 -0.884932 -0.884932 0
1450 -0.884932 -0.884932 0
1451 -0.884932 -0.884932 0
1452 -0.884932 -0.884932 0
1453 -0.884932 -0.884932 0
1454 -0.884932 -0.884932 0
1455 -0.884932 -0.884932 0
1456 -0.884932 -0.884932 0
1457 -0.884932 -0.884932 0
1458 -0.884932 -0.884932 0
1459 -0.884932 -0.884932 0
1460 -0.884932 -0.884932 0
1461 -0.884932 -0.884932 0
1462 -0.884932 -0.884932 0
1463 -0.884932 -0.884932 0
1464 -0.884932 -0.884932 0
1465 -0.884932 -0.884932 0
1466 -0.884932 -0.884932 0
1467 -0.884932 -0.884932 0
1468 -0.884932 -0.884932 0
1469 -0.884932 -0.884932 0
1470 -0.884932 -0.884932 0
1471 -0.884932 -0.884932 0
1472 -0.884932 -0.884932 0
1473 -0.884932 -0.884932 0
1474 -0.88486 -0.884896 3.62098e-05
1475 -0.88486 -0.88486 0
1476 -0.88486 -0.88486 0
1477 -0.88486 -0.88486 0
1478 -0.88486 -0.88486 0
1479 -0.88486 -0.88486 0
1480 -0.88486 -0.88486 0
1481 -0.88486 -0.88486 0
1482 -0.88486 -0.88486 0
1483 -0.88486 -0.88486 0
1484 -0.88486 -0.88486 0
1485 -0.884421 -0.88464 0.000219434
1486 -0.884421 -0.884421 0
1487 -0.884421 -0.884421 0
1488 -0.884421 -0.884421 0
1489 -0.884421 -0.884421 0
1490 -0.884421 -0.884421 0
1491 -0.884421 -0.884421 0
1492 -0.884421 -0.884421 0
1493 -0.884421 -0.884421 0
1494 -0.881863 -0.883142 0.00127918
1495 -0.881863 -0.881863 0
1496 -0.881863 -0.881863 0
1497 -0.881863 -0.881863 0
1498 -0.881863 -0.881863 0
1499 -0.881863 -0.881863 0
1500 -0.881863 -0.881863 0
1501 -0.881136 -0.881499 0.00036341
1502 -0.881136 -0.881136 0
1503 -0.881136 -0.881136 0
1504 -0.881136 -0.881136 0
1505 -0.881136 -0.881136 0
1506 -0.881136 -0.881136 0
1507 -0.879417 -0.880276 0.00085935
1508 -0.879417 -0.879417 0
1509 -0.879417 -0.879417 0
1510 -0.879417 -0.879417 0
1511 -0.879417 -0.879417 0
1512 -0.879417 -0.879417 0
1513 -0.879417 -0.879417 0
1514 -0.879417 -0.879417 0
1515 -0.879417 -0.879417 0
1516 -0.879417 -0.879417 0
1517 -0.878766 -0.879091 0.00032565
1518 -0.878766 -0.878766 0
1519 -0.878766 -0.878766 0
1520 -0.878766 -0.878766 0
1521 -0.878766 -0.878766 0
1522 -0.878766 -0.878766 0
1523 -0.877362 -0.878064 0.000701934
1524 -0.877362 -0.877362 0
1525 -0.877362 -0.877362 0
1526 -0.877362 -0.877362 0
1527 -0.877362 -0.877362 0
1528 -0.877362 -0.877362 0
1529 -0.877362 -0.877362 0
1530 -0.877362 -0.877362 0
1531 -0.877362 -0.877362 0
1532 -0.877344 -0.877353 8.91089e-06
1533 -0.877344 -0.877344 0
1534 -0.877344 -0.877344 0
1535 -0.877344 -0.877344 0
1536 -0.877344 -0.877344 0
1537 -0.877344 -0.877344 0
1538 -0.877344 -0.877344 0
1539 -0.877344 -0.877344 0
1540 -0.87682 -0.877082 0.000261903
1541 -0.87682 -0.877082 0.000261903
1542 -0.87682 -0.87682 0
1543 -0.853694 -0.865257 0.0115633
1544 -0.853694 -0.853694 0
1545 -0.853694 -0.853694 0
1546 -0.853694 -0.853694 0
1547 -0.853508 -0.853601 9.30429e-05
1548 -0.853508 -0.853508 0
1549 -0.853508 -0.853508 0
1550 -0.853508 -0.853508 0
1551 -0.853508 -0.853508 0
1552 -0.853508 -0.853508 0
1553 -0.853261 -0.853367 0.000106484
1554 -0.853261 -0.853261 0
1555 -0.853261 -0.853261 0
1556 -0.853261 -0.853261 0
1557 -0.853261 -0.853261 0
1558 -0.853261 -0.853261 0
1559 -0.853261 -0.853261 0
1560 -0.853261 -0.853261 0
1561 -0.853261 -0.853261 0
1562 -0.853261 -0.853261 0
1563 -0.853261 -0.853261 0
1564 -0.853261 -0.853261 0
1565 -0.853261 -0.853261 0
1566 -0.853261 -0.853261 0
1567 -0.853261 -0.853261 0
1568 -0.851679 -0.85247 0.000790656
1569 -0.851679 -0.851679 0
1570 -0.851679 -0.851679 0
1571 -0.851679 -0.851679 0
1572 -0.851679 -0.851679 0
1573 -0.851155 -0.851417 0.00026235
1574 -0.851155 -0.851155 0
1575 -0.851155 -0.851155 0
1576 -0.851155 -0.851155 0
1577 -0.851155 -0.851155 0
1578 -0.851155 -0.851155 0
1579 -0.851155 -0.851155 0
1580 -0.851155 -0.851155 0
1581 -0.851155 -0.851155 0
1582 -0.851155 -0.851155 0
1583 -0.851153 -0.851154 8.64267e-07
1584 -0.851153 -0.851153 0
1585 -0.851153 -0.851153 0
1586 -0.851153 -0.851153 0
1587 -0.851153 -0.851153 0
1588 -0.851153 -0.851153 0
1589 -0.851153 -0.851153 0
1590 -0.851153 -0.851153 0
1591 -0.851153 -0.851153 0
1592 -0.851153 -0.851153 0
1593 -0.851153 -0.851153 0
1594 -0.851153 -0.851153 0
1595 -0.851153 -0.851153 0
1596 -0.851153 -0.851153 0
1597 -0.851153 -0.851153 0
1598 -0.851153 -0.851153 0
1599 -0.851153 -0.851153 0
1600 -0.851153 -0.851153 0
1601 -0.851153 -0.851153 0
1602 -0.851153 -0.851153 0
1603 -0.851153 -0.851153 0
1604 -0.851153 -0.851153 0
1605 -0.851153 -0.851153 0
1606 -0.851153 -0.851153 0
1607 -0.851153 -0.851153 0
1608 -0.851153 -0.851153 0
1609 -0.851153 -0.851153 0
1610 -0.851153 -0.851153 0
1611 -0.851153 -0.851153 0
1612 -0.851153 -0.851153 0
1613 -0.851153 -0.851153 0
1614 -0.851153 -0.851153 0
1615 -0.851153 -0.851153 0
1616 -0.851153 -0.851153 0
1617 -0.851153 -0.851153 0
1618 -0.851153 -0.851153 0
1619 -0.851153 -0.851153 0
1620 -0.851153 -0.851153 0
1621 -0.851152 -0.851152 5.06639e-07
1622 -0.851152 -0.851152 0
1623 -0.851152 -0.851152 0
1624 -0.85115 -0.851151 8.04663e-07
1625 -0.85115 -0.85115 0
1626 -0.85115 -0.85115 0
1627 -0.85115 -0.85115 0
1628 -0.85115 -0.85115 0
1629 -0.85115 -0.85115 0
1630 -0.85115 -0.85115 0
1631 -0.85115 -0.85115 0
1632 -0.85115 -0.85115 0
1633 -0.850722 -0.850936 0.000214279
1634 -0.850722 -0.850722 0
1635 -0.850722 -0.850722 0
1636 -0.850722 -0.850722 0
1637 -0.850722 -0.850722 0
1638 -0.850722 -0.850722 0
1639 -0.850722 -0.850722 0
1640 -0.850722 -0.850722 0
1641 -0.850722 -0.850722 0
1642 -0.85072 -0.850721 8.04663e-07
1643 -0.85072 -0.85072 0
1644 -0.85072 -0.85072 0
1645 -0.85072 -0.85072 0
1646 -0.85072 -0.85072 0
1647 -0.85072 -0.85072 0
1648 -0.85072 -0.85072 0
1649 -0.85072 -0.85072 0
1650 -0.85072 -0.85072 0
1651 -0.85072 -0.85072 2.08616e-07
1652 -0.85072 -0.85072 0
1653 -0.85072 -0.85072 0
1654 -0.85072 -0.85072 0
1655 -0.85072 -0.85072 0
1656 -0.85072 -0.85072 0
1657 -0.85072 -0.85072 0
1658 -0.85072 -0.85072 0
1659 -0.85072 -0.85072 0
1660 -0.85072 -0.85072 0
1661 -0.85072 -0.85072 0
1662 -0.85072 -0.85072 0
1663 -0.85072 -0.85072 0
1664 -0.85072 -0.85072 0
1665 -0.85072 -0.85072 0
1666 -0.85072 -0.85072 0
1667 -0.85072 -0.85072 0
1668 -0.85072 -0.85072 0
1669 -0.85072 -0.85072 0
1670 -0.850719 -0.850719 2.68221e-07
1671 -0.850719 -0.850719 0
1672 -0.850719 -0.850719 0
1673 -0.850719 -0.850719 0
1674 -0.850714 -0.850716 2.80142e-06
1675 -0.850714 -0.850714 0
1676 -0.850714 -0.850714 0
1677 -0.850714 -0.850714 0
1678 -0.850714 -0.850714 0
1679 -0.850714 -0.850714 0
1680 -0.850714 -0.850714 0
1681 -0.850713 -0.850713 4.47035e-07
1682 -0.850713 -0.850713 0
1683 -0.850713 -0.850713 0
1684 -0.850713 -0.850713 0
1685 -0.850713 -0.850713 0
1686 -0.85044 -0.850576 0.000136405
1687 -0.850149 -0.850276 0.000127405
1688 -0.850149 -0.850149 0
1689 -0.850149 -0.850149 0
1690 -0.850149 -0.850149 0
1691 -0.850149 -0.850149 0
1692 -0.850149 -0.850149 0
1693 -0.850149 -0.850149 0
1694 -0.850149 -0.850149 0
1695 -0.850149 -0.850149 0
1696 -0.850141 -0.850145 3.72529e-06
1697 -0.850141 -0.850141 0
1698 -0.850141 -0.850141 0
1699 -0.850141 -0.850141 0
1700 -0.850141 -0.850141 0
1701 -0.850141 -0.850141 0
1702 -0.850141 -0.850141 0
1703 -0.850141 -0.850141 0
1704 -0.850141 -0.850141 0
1705 -0.850141 -0.850141 0
1706 -0.850141 -0.850141 0
1707 -0.850141 -0.850141 0
1708 -0.85014 -0.85014 8.64267e-07
1709 -0.85014 -0.85014 0
1710 -0.85014 -0.85014 0
1711 -0.849768 -0.849954 0.000185788
1712 -0.849768 -0.849768 0
1713 -0.849768 -0.849768 0
1714 -0.849768 -0.849768 0
1715 -0.849768 -0.849768 0
1716 -0.849503 -0.849636 0.000132293
1717 -0.849503 -0.849503 0
1718 -0.849122 -0.849313 0.000190794
1719 -0.849122 -0.849122 0
1720 -0.849122 -0.849122 0
1721 -0.84873 -0.84892 0.000190556
1722 -0.84873 -0.84873 0
1723 -0.84873 -0.84873 0
1724 -0.84873 -0.84873 0
1725 -0.84873 -0.84873 0
1726 -0.84873 -0.84873 0
1727 -0.84873 -0.84873 0
1728 -0.84873 -0.84873 0
1729 -0.84873 -0.84873 0
1730 -0.84873 -0.84873 0
1731 -0.84873 -0.84873 0
1732 -0.84873 -0.84873 0
1733 -0.84873 -0.84873 0
1734 -0.84873 -0.84873 0
1735 -0.84873 -0.84873 0
1736 -0.84873 -0.84873 0
1737 -0.84873 -0.84873 0
1738 -0.84873 -0.84873 0
1739 -0.84873 -0.84873 0
1740 -0.848652 -0.848691 3.89516e-05
1741 -0.848652 -0.848652 0
1742 -0.848652 -0.848652 0
1743 -0.848652 -0.848652 0
1744 -0.848652 -0.848652 0
1745 -0.848652 -0.848652 0
1746 -0.848652 -0.848652 0
1747 -0.848652 -0.848652 0
1748 -0.848652 -0.848652 0
1749 -0.848652 -0.848652 0
1750 -0.848652 -0.848652 0
1751 -0.848652 -0.848652 0
1752 -0.848652 -0.848652 0
1753 -0.848652 -0.848652 0
1754 -0.848651 -0.848651 8.9407e-08
1755 -0.848651 -0.848651 0
1756 -0.848651 -0.848651 0
1757 -0.848651 -0.848651 0
1758 -0.848651 -0.848651 0
1759 -0.848651 -0.848651 0
1760 -0.848651 -0.848651 0
1761 -0.848577 -0.848614 3.68953e-05
1762 -0.848577 -0.848577 0
1763 -0.848577 -0.848577 0
1764 -0.848577 -0.848577 0
1765 -0.848577 -0.848577 0
1766 -0.848577 -0.848577 0
1767 -0.848577 -0.848577 0
1768 -0.848577 -0.848577 0
1769 -0.848577 -0.848577 0
1770 -0.848576 -0.848576 4.17233e-07
1771 -0.848576 -0.848576 0
1772 -0.848576 -0.848576 0
1773 -0.848576 -0.848576 0
1774 -0.848576 -0.848576 0
1775 -0.848576 -0.848576 0
1776 -0.848576 -0.848576 0
1777 -0.848576 -0.848576 0
1778 -0.848576 -0.848576 0
1779 -0.848576 -0.848576 0
1780 -0.848576 -0.848576 0
1781 -0.848576 -0.848576 0
1782 -0.848576 -0.848576 0
1783 -0.848576 -0.848576 0
1784 -0.848576 -0.848576 0
1785 -0.848576 -0.848576 0
1786 -0.848576 -0.848576 0
1787 -0.848576 -0.848576 0
1788 -0.848576 -0.848576 0
1789 -0.848498 -0.848537 3.9041e-05
1790 -0.848498 -0.848537 3.9041e-05
1791 -0.848498 -0.848498 0
1792 -0.848498 -0.848498 0
1793 -0.848482 -0.84849 7.98702e-06
1794 -0.848461 -0.848472 1.01924e-05
1795 -0.848461 -0.848461 0
1796 -0.848461 -0.848461 0
1797 -0.848442 -0.848452 9.68575e-06
1798 -0.848442 -0.848442 0
1799 -0.848442 -0.848442 0
1800 -0.848442 -0.848442 0
1801 -0.848442 -0.848442 0
1802 -0.848442 -0.848442 0
1803 -0.848442 -0.848442 0
1804 -0.848442 -0.848442 0
1805 -0.848442 -0.848442 0
1806 -0.848442 -0.848442 0
1807 -0.848442 -0.848442 0
1808 -0.848442 -0.848442 0
1809 -0.848442 -0.848442 0
1810 -0.848442 -0.848442 0
1811 -0.848442 -0.848442 0
1812 -0.848442 -0.848442 0
1813 -0.848442 -0.848442 0
1814 -0.848442 -0.848442 0
1815 -0.848442 -0.848442 0
1816 -0.848442 -0.848442 2.38419e-07
1817 -0.848442 -0.848442 0
1818 -0.848442 -0.848442 0
1819 -0.848442 -0.848442 0
1820 -0.848442 -0.848442 0
1821 -0.848442 -0.848442 0
1822 -0.848442 -0.848442 0
1823 -0.848442 -0.848442 0
1824 -0.848442 -0.848442 0
1825 -0.848442 -0.848442 0
1826 -0.848442 -0.848442 0
1827 -0.848442 -0.848442 0
1828 -0.848442 -0.848442 0
1829 -0.848442 -0.848442 0
1830 -0.848442 -0.848442 0
1831 -0.848442 -0.848442 0
1832 -0.848442 -0.848442 0
1833 -0.848442 -0.848442 0
1834 -0.848442 -0.848442 0
1835 -0.848442 -0.848442 0
1836 -0.848442 -0.848442 0
1837 -0.848442 -0.848442 0
1838 -0.848403 -0.848422 1.95503e-05
1839 -0.848403 -0.848403 0
1840 -0.848402 -0.848402 8.9407e-08
1841 -0.848401 -0.848402 7.7486e-07
1842 -0.848401 -0.848401 0
1843 -0.848401 -0.848401 0
1844 -0.848401 -0.848401 0
1845 -0.847965 -0.848183 0.000217855
1846 -0.847965 -0.847965 0
1847 -0.847965 -0.847965 0
1848 -0.847965 -0.847965 0
1849 -0.847965 -0.847965 0
1850 -0.847965 -0.847965 0
1851 -0.847965 -0.847965 0
1852 -0.847965 -0.847965 0
1853 -0.847965 -0.847965 0
1854 -0.847965 -0.847965 0
1855 -0.847965 -0.847965 0
1856 -0.847965 -0.847965 0
1857 -0.847965 -0.847965 0
1858 -0.847965 -0.847965 0
1859 -0.847965 -0.847965 0
1860 -0.847965 -0.847965 0
1861 -0.847965 -0.847965 0
1862 -0.847965 -0.847965 0
1863 -0.847965 -0.847965 0
1864 -0.847965 -0.847965 0
1865 -0.847965 -0.847965 0
1866 -0.847965 -0.847965 0
1867 -0.847965 -0.847965 0
1868 -0.847965 -0.847965 0
1869 -0.847965 -0.847965 0
1870 -0.847965 -0.847965 0
1871 -0.847965 -0.847965 0
1872 -0.847965 -0.847965 0
1873 -0.847965 -0.847965 0
1874 -0.847965 -0.847965 0
1875 -0.847965 -0.847965 0
1876 -0.847965 -0.847965 0
1877 -0.847965 -0.847965 0
1878 -0.847965 -0.847965 0
1879 -0.847965 -0.847965 0
1880 -0.847965 -0.847965 0
1881 -0.84796 -0.847962 2.6226e-06
1882 -0.84796 -0.84796 0
1883 -0.84796 -0.84796 0
1884 -0.84796 -0.84796 0
1885 -0.847958 -0.847959 1.10269e-06
1886 -0.847958 -0.847958 0
1887 -0.847958 -0.847958 0
1888 -0.847958 -0.847958 0
1889 -0.847958 -0.847958 0
1890 -0.847958 -0.847958 0
1891 -0.847958 -0.847958 0
1892 -0.847958 -0.847958 0
1893 -0.847958 -0.847958 0
1894 -0.847958 -0.847958 0
1895 -0.847958 -0.847958 0
1896 -0.847958 -0.847958 0
1897 -0.847958 -0.847958 0
1898 -0.847958 -0.847958 0
1899 -0.847958 -0.847958 0
1900 -0.847958 -0.847958 0
1901 -0.847958 -0.847958 0
1902 -0.847958 -0.847958 0
1903 -0.847957 -0.847957 1.19209e-07
1904 -0.847957 -0.847957 0
1905 -0.847957 -0.847957 0
1906 -0.847957 -0.847957 0
1907 -0.847957 -0.847957 0
1908 -0.847957 -0.847957 0
1909 -0.847957 -0.847957 0
1910 -0.847956 -0.847956 9.23872e-07
1911 -0.847956 -0.847956 0
1912 -0.847956 -0.847956 0
1913 -0.847956 -0.847956 0
1914 -0.847956 -0.847956 0
1915 -0.847956 -0.847956 0
1916 -0.847956 -0.847956 0
1917 -0.847956 -0.847956 0
1918 -0.847956 -0.847956 0
1919 -0.847956 -0.847956 0
1920 -0.847956 -0.847956 0
1921 -0.847956 -0.847956 0
1922 -0.847956 -0.847956 0
1923 -0.847956 -0.847956 0
1924 -0.847956 -0.847956 0
1925 -0.84795 -0.847953 2.77162e-06
1926 -0.84795 -0.84795 0
1927 -0.84795 -0.84795 0
1928 -0.84795 -0.84795 0
1929 -0.84795 -0.84795 0
1930 -0.84795 -0.84795 0
1931 -0.84795 -0.84795 0
1932 -0.84795 -0.84795 0
1933 -0.84795 -0.84795 0
1934 -0.84795 -0.84795 0
1935 -0.84795 -0.84795 0
1936 -0.84795 -0.84795 0
1937 -0.84795 -0.84795 0
1938 -0.84795 -0.84795 0
1939 -0.84795 -0.84795 0
1940 -0.84795 -0.84795 0
1941 -0.84795 -0.84795 0
1942 -0.84795 -0.84795 0
1943 -0.84795 -0.84795 0
1944 -0.84795 -0.84795 0
1945 -0.84795 -0.84795 0
1946 -0.84795 -0.84795 0
1947 -0.84795 -0.84795 0
1948 -0.84795 -0.84795 0
1949 -0.84795 -0.84795 0
1950 -0.84795 -0.84795 0
1951 -0.84795 -0.84795 0
1952 -0.84795 -0.84795 0
1953 -0.84795 -0.84795 0
1954 -0.84795 -0.84795 0
1955 -0.84795 -0.84795 0
1956 -0.84795 -0.84795 0
1957 -0.84795 -0.84795 0
1958 -0.84795 -0.84795 0
1959 -0.84795 -0.84795 0
1960 -0.84795 -0.84795 0
1961 -0.84795 -0.84795 0
1962 -0.84795 -0.84795 0
1963 -0.84795 -0.84795 0
1964 -0.84795 -0.84795 0
1965 -0.84795 -0.84795 0
1966 -0.84795 -0.84795 0
1967 -0.84795 -0.84795 0
1968 -0.84795 -0.84795 0
1969 -0.847822 -0.847886 6.3926e-05
1970 -0.847821 -0.847821 7.7486e-07
1971 -0.847821 -0.847821 0
1972 -0.847821 -0.847821 0
1973 -0.847821 -0.847821 0
1974 -0.847821 -0.847821 0
1975 -0.847784 -0.847802 1.8537e-05
1976 -0.847784 -0.847784 0
1977 -0.847784 -0.847784 0
1978 -0.847784 -0.847784 0
1979 -0.847777 -0.84778 3.09944e-06
1980 -0.847777 -0.847777 0
1981 -0.847777 -0.847777 0
1982 -0.847777 -0.847777 0
1983 -0.847777 -0.847777 0
1984 -0.847777 -0.847777 0
1985 -0.847777 -0.847777 0
1986 -0.847777 -0.847777 0
1987 -0.847777 -0.847777 0
1988 -0.847777 -0.847777 0
1989 -0.847775 -0.847776 1.2219e-06
1990 -0.847775 -0.847775 0
1991 -0.847774 -0.847774 5.36442e-07
1992 -0.847774 -0.847774 0
1993 -0.847774 -0.847774 0
1994 -0.847774 -0.847774 0
1995 -0.847774 -0.847774 0
1996 -0.847774 -0.847774 0
1997 -0.847774 -0.847774 0
1998 -0.847774 -0.847774 0
1999 -0.847774 -0.847774 0
2000 -0.847774 -0.847774 0
2001 -0.847774 -0.847774 0
2002 -0.847774 -0.847774 0
2003 -0.847774 -0.847774 0
2004 -0.847774 -0.847774 0
2005 -0.847773 -0.847774 2.38419e-07
2006 -0.847773 -0.847773 0
2007 -0.847773 -0.847773 0
2008 -0.847773 -0.847773 0
2009 -0.847773 -0.847773 0
2010 -0.847773 -0.847773 0
2011 -0.847773 -0.847773 0
2012 -0.847773 -0.847773 0
2013 -0.847773 -0.847773 0
2014 -0.847773 -0.847773 0
2015 -0.847773 -0.847773 0
2016 -0.831936 -0.839855 0.0079188
2017 -0.831936 -0.831936 0
2018 -0.831936 -0.831936 0
2019 -0.831936 -0.831936 0
2020 -0.831936 -0.831936 0
2021 -0.831671 -0.831803 0.000132591
2022 -0.831671 -0.831671 0
2023 -0.831671 -0.831671 0
2024 -0.831671 -0.831671 0
2025 -0.831671 -0.831671 0
2026 -0.831671 -0.831671 0
2027 -0.831671 -0.831671 0
2028 -0.831671 -0.831671 0
2029 -0.831671 -0.831671 0
2030 -0.831671 -0.831671 0
2031 -0.831671 -0.831671 0
2032 -0.831671 -0.831671 0
2033 -0.831671 -0.831671 0
2034 -0.831671 -0.831671 0
2035 -0.83153 -0.8316 7.03335e-05
2036 -0.83153 -0.83153 0
2037 -0.83153 -0.83153 0
2038 -0.83153 -0.83153 0
2039 -0.83153 -0.83153 0
2040 -0.83153 -0.83153 0
2041 -0.83153 -0.83153 0
2042 -0.83153 -0.83153 0
2043 -0.83153 -0.83153 0
2044 -0.83153 -0.83153 0
2045 -0.83153 -0.83153 0
2046 -0.83153 -0.83153 0
2047 -0.83153 -0.83153 0
2048 -0.83153 -0.83153 0
2049 -0.83153 -0.83153 0
2050 -0.83153 -0.83153 0
2051 -0.83153 -0.83153 0
2052 -0.83153 -0.83153 0
2053 -0.83153 -0.83153 0
2054 -0.83153 -0.83153 0
2055 -0.83153 -0.83153 0
2056 -0.83153 -0.83153 0
2057 -0.83153 -0.83153 0
2058 -0.83153 -0.83153 0
2059 -0.83153 -0.83153 0
2060 -0.83153 -0.83153 0
2061 -0.83153 -0.83153 0
2062 -0.83153 -0.83153 0
2063 -0.83153 -0.83153 0
2064 -0.83153 -0.83153 0
2065 -0.83153 -0.83153 0
2066 -0.830771 -0.83115 0.000379384
2067 -0.830771 -0.830771 0
2068 -0.830771 -0.830771 0
2069 -0.830771 -0.830771 0
2070 -0.830771 -0.830771 0
2071 -0.830771 -0.830771 0
2072 -0.830771 -0.830771 0
2073 -0.830771 -0.830771 0
2074 -0.830771 -0.830771 0
2075 -0.830771 -0.830771 0
2076 -0.830771 -0.830771 0
2077 -0.830771 -0.830771 0
2078 -0.82523 -0.828 0.00277075
2079 -0.82523 -0.82523 0
2080 -0.82523 -0.82523 0
2081 -0.82523 -0.82523 0
2082 -0.82523 -0.82523 0
2083 -0.82523 -0.82523 0
2084 -0.82523 -0.82523 0
2085 -0.82523 -0.82523 0
2086 -0.82523 -0.82523 0
2087 -0.82523 -0.82523 0
2088 -0.82523 -0.82523 0
2089 -0.82523 -0.82523 0
2090 -0.82523 -0.82523 0
2091 -0.82523 -0.82523 0
2092 -0.82523 -0.82523 0
2093 -0.823421 -0.824325 0.000904173
2094 -0.823421 -0.823421 0
2095 -0.823421 -0.823421 0
2096 -0.823421 -0.823421 0
2097 -0.823421 -0.823421 0
2098 -0.823421 -0.823421 0
2099 -0.823421 -0.823421 0
2100 -0.823421 -0.823421 0
2101 -0.823421 -0.823421 0
2102 -0.823268 -0.823344 7.67708e-05
2103 -0.823268 -0.823268 0
2104 -0.823268 -0.823268 0
2105 -0.823268 -0.823268 0
2106 -0.818707 -0.820987 0.00228044
2107 -0.818707 -0.818707 0
2108 -0.818707 -0.818707 0
2109 -0.818707 -0.818707 0
2110 -0.818707 -0.818707 0
2111 -0.818707 -0.818707 0
2112 -0.818707 -0.818707 0
2113 -0.818707 -0.818707 0
2114 -0.818707 -0.818707 0
2115 -0.818707 -0.818707 0
2116 -0.818624 -0.818665 4.15742e-05
2117 -0.818624 -0.818624 0
2118 -0.818624 -0.818624 0
2119 -0.818624 -0.818624 0
2120 -0.818624 -0.818624 5.96046e-08
2121 -0.818624 -0.818624 0
2122 -0.818624 -0.818624 0
2123 -0.818624 -0.818624 0
2124 -0.818624 -0.818624 0
2125 -0.818624 -0.818624 0
2126 -0.818624 -0.818624 0
2127 -0.818624 -0.818624 0
2128 -0.818587 -0.818605 1.83582e-05
2129 -0.818587 -0.818587 0
2130 -0.818587 -0.818587 0
2131 -0.818587 -0.818587 0
2132 -0.818587 -0.818587 0
2133 -0.812433 -0.81551 0.00307679
2134 -0.812433 -0.812433 0
2135 -0.812433 -0.812433 0
2136 -0.812433 -0.812433 0
2137 -0.812433 -0.812433 0
2138 -0.812433 -0.812433 0
2139 -0.812433 -0.812433 0
2140 -0.812433 -0.812433 0
2141 -0.812433 -0.812433 0
2142 -0.812433 -0.812433 0
2143 -0.812433 -0.812433 0
2144 -0.812433 -0.812433 0
2145 -0.812433 -0.812433 0
2146 -0.812433 -0.812433 0
2147 -0.812433 -0.812433 0
2148 -0.812433 -0.812433 0
2149 -0.812433 -0.812433 0
2150 -0.812433 -0.812433 0
2151 -0.812433 -0.812433 0
2152 -0.812433 -0.812433 0
2153 -0.812433 -0.812433 0
2154 -0.812433 -0.812433 0
2155 -0.812433 -0.812433 2.98023e-08
2156 -0.812433 -0.812433 0
2157 -0.812433 -0.812433 0
2158 -0.812433 -0.812433 0
2159 -0.812433 -0.812433 0
2160 -0.812433 -0.812433 0
2161 -0.812433 -0.812433 0
2162 -0.812433 -0.812433 0
2163 -0.812399 -0.812416 1.70469e-05
2164 -0.812399 -0.812399 0
2165 -0.812399 -0.812399 0
2166 -0.812399 -0.812399 0
2167 -0.812399 -0.812399 0
2168 -0.812399 -0.812399 0
2169 -0.812399 -0.812399 0
2170 -0.812399 -0.812399 0
2171 -0.812399 -0.812399 0
2172 -0.812399 -0.812399 0
2173 -0.812399 -0.812399 0
2174 -0.812399 -0.812399 0
2175 -0.812399 -0.812399 0
2176 -0.812398 -0.812399 3.27826e-07
2177 -0.812398 -0.812399 3.27826e-07
2178 -0.812398 -0.812398 0
2179 -0.812398 -0.812398 0
2180 -0.812398 -0.812398 0
2181 -0.812398 -0.812398 0
2182 -0.812398 -0.812398 0
2183 -0.812398 -0.812398 0
2184 -0.812398 -0.812398 0
2185 -0.812398 -0.812398 0
2186 -0.812398 -0.812398 0
2187 -0.812398 -0.812398 0
2188 -0.812398 -0.812398 0
2189 -0.812398 -0.812398 0
2190 -0.812398 -0.812398 0
2191 -0.812398 -0.812398 0
2192 -0.812398 -0.812398 0
2193 -0.812398 -0.812398 0
2194 -0.812398 -0.812398 0
2195 -0.812398 -0.812398 0
2196 -0.812398 -0.812398 0
2197 -0.812398 -0.812398 0
2198 -0.812367 -0.812383 1.56164e-05
2199 -0.812367 -0.812367 0
2200 -0.812367 -0.812367 0
2201 -0.812367 -0.812367 0
2202 -0.812367 -0.812367 0
2203 -0.812367 -0.812367 0
2204 -0.812367 -0.812367 0
2205 -0.812367 -0.812367 0
2206 -0.812367 -0.812367 0
2207 -0.812367 -0.812367 0
2208 -0.812367 -0.812367 0
2209 -0.812367 -0.812367 0
2210 -0.812367 -0.812367 0
2211 -0.812367 -0.812367 0
2212 -0.812367 -0.812367 0
2213 -0.812367 -0.812367 0
2214 -0.812367 -0.812367 0
2215 -0.812367 -0.812367 0
2216 -0.812367 -0.812367 0
2217 -0.812367 -0.812367 0
2218 -0.812367 -0.812367 0
2219 -0.812367 -0.812367 0
2220 -0.812367 -0.812367 0
2221 -0.812367 -0.812367 0
2222 -0.812367 -0.812367 0
2223 -0.812367 -0.812367 0
2224 -0.812367 -0.812367 0
2225 -0.812367 -0.812367 2.98023e-08
2226 -0.812367 -0.812367 0
2227 -0.812367 -0.812367 0
2228 -0.812367 -0.812367 0
2229 -0.812367 -0.812367 0
2230 -0.812367 -0.812367 0
2231 -0.812367 -0.812367 0
2232 -0.812367 -0.812367 0
2233 -0.812367 -0.812367 0
2234 -0.812367 -0.812367 0
2235 -0.812367 -0.812367 0
2236 -0.812367 -0.812367 0
2237 -0.812367 -0.812367 0
2238 -0.812367 -0.812367 0
2239 -0.812367 -0.812367 0
2240 -0.812367 -0.812367 0
2241 -0.812367 -0.812367 0
2242 -0.812367 -0.812367 0
2243 -0.812367 -0.812367 0
2244 -0.812367 -0.812367 0
2245 -0.812367 -0.812367 0
2246 -0.812367 -0.812367 0
2247 -0.812364 -0.812366 1.60933e-06
2248 -0.812364 -0.812364 0
2249 -0.812364 -0.812364 0
2250 -0.812364 -0.812364 0
2251 -0.812364 -0.812364 0
2252 -0.812364 -0.812364 0
2253 -0.812364 -0.812364 0
2254 -0.812364 -0.812364 0
2255 -0.812364 -0.812364 0
2256 -0.812364 -0.812364 0
2257 -0.812364 -0.812364 0
2258 -0.812364 -0.812364 0
2259 -0.812364 -0.812364 0
2260 -0.812364 -0.812364 0
2261 -0.812364 -0.812364 0
2262 -0.812364 -0.812364 0
2263 -0.812364 -0.812364 0
2264 -0.812364 -0.812364 0
2265 -0.812364 -0.812364 0
2266 -0.812272 -0.812318 4.61042e-05
2267 -0.812272 -0.812272 0
2268 -0.812272 -0.812272 0
2269 -0.812272 -0.812272 0
2270 -0.812272 -0.812272 0
2271 -0.812272 -0.812272 0
2272 -0.812272 -0.812272 0
2273 -0.812272 -0.812272 0
2274 -0.812272 -0.812272 0
2275 -0.812272 -0.812272 0
2276 -0.812272 -0.812272 0
2277 -0.812272 -0.812272 0
2278 -0.812272 -0.812272 0
2279 -0.81227 -0.812271 7.7486e-07
2280 -0.81227 -0.81227 2.08616e-07
2281 -0.81227 -0.81227 0
2282 -0.81227 -0.81227 0
2283 -0.81227 -0.81227 0
2284 -0.81227 -0.81227 2.98023e-08
2285 -0.81227 -0.81227 0
2286 -0.81227 -0.81227 0
2287 -0.81227 -0.81227 0
2288 -0.81227 -0.81227 0
2289 -0.81227 -0.81227 0
2290 -0.81227 -0.81227 0
2291 -0.81227 -0.81227 0
2292 -0.81227 -0.81227 0
2293 -0.81227 -0.81227 0
2294 -0.81227 -0.81227 0
2295 -0.81227 -0.81227 0
2296 -0.81227 -0.81227 0
2297 -0.81227 -0.81227 0
2298 -0.81227 -0.81227 0
2299 -0.81227 -0.81227 0
2300 -0.81227 -0.81227 0
2301 -0.81227 -0.81227 0
2302 -0.81227 -0.81227 0
2303 -0.81227 -0.81227 0
2304 -0.81227 -0.81227 0
2305 -0.81227 -0.81227 0
2306 -0.81227 -0.81227 0
2307 -0.81227 -0.81227 0
2308 -0.81227 -0.81227 0
2309 -0.81227 -0.81227 0
2310 -0.81227 -0.81227 0
2311 -0.81227 -0.81227 0
2312 -0.81227 -0.81227 0
2313 -0.81227 -0.81227 0
2314 -0.81227 -0.81227 0
2315 -0.81227 -0.81227 0
2316 -0.81227 -0.81227 0
2317 -0.81227 -0.81227 0
2318 -0.81227 -0.81227 0
2319 -0.81227 -0.81227 0
2320 -0.81227 -0.81227 0
2321 -0.81227 -0.81227 0
2322 -0.81227 -0.81227 0
2323 -0.81227 -0.81227 0
2324 -0.81227 -0.81227 0
2325 -0.81227 -0.81227 0
2326 -0.812134 -0.812202 6.78897e-05
2327 -0.812134 -0.812134 0
2328 -0.812134 -0.812134 0
2329 -0.812134 -0.812134 0
2330 -0.812134 -0.812134 0
2331 -0.812134 -0.812134 0
2332 -0.812134 -0.812134 0
2333 -0.812134 -0.812134 0
2334 -0.812129 -0.812131 2.563e-06
2335 -0.812129 -0.812129 0
2336 -0.812129 -0.812129 0
2337 -0.812129 -0.812129 0
2338 -0.812129 -0.812129 0
2339 -0.812129 -0.812129 0
2340 -0.812129 -0.812129 0
2341 -0.812129 -0.812129 0
2342 -0.812129 -0.812129 0
2343 -0.812129 -0.812129 0
2344 -0.812129 -0.812129 0
2345 -0.812129 -0.812129 0
2346 -0.812129 -0.812129 0
2347 -0.812129 -0.812129 0
2348 -0.812129 -0.812129 0
2349 -0.812129 -0.812129 0
2350 -0.812129 -0.812129 8.9407e-08
2351 -0.812129 -0.812129 0
2352 -0.812129 -0.812129 0
2353 -0.812129 -0.812129 0
2354 -0.812129 -0.812129 0
2355 -0.812129 -0.812129 0
2356 -0.812129 -0.812129 0
2357 -0.812129 -0.812129 0
2358 -0.812129 -0.812129 0
2359 -0.812129 -0.812129 0
2360 -0.812129 -0.812129 0
2361 -0.812129 -0.812129 0
2362 -0.812129 -0.812129 0
2363 -0.812129 -0.812129 0
2364 -0.812129 -0.812129 0
2365 -0.812129 -0.812129 0
2366 -0.812129 -0.812129 0
2367 -0.812129 -0.812129 0
2368 -0.812129 -0.812129 0
2369 -0.812129 -0.812129 0
2370 -0.812129 -0.812129 0
2371 -0.812129 -0.812129 0
2372 -0.812129 -0.812129 0
2373 -0.812129 -0.812129 0
2374 -0.812129 -0.812129 0
2375 -0.812129 -0.812129 0
2376 -0.812129 -0.812129 0
2377 -0.812129 -0.812129 0
2378 -0.812129 -0.812129 0
2379 -0.812129 -0.812129 0
2380 -0.812129 -0.812129 0
2381 -0.812129 -0.812129 0
2382 -0.812129 -0.812129 0
2383 -0.812128 -0.812128 2.98023e-07
2384 -0.812128 -0.812128 0
2385 -0.812128 -0.812128 0
2386 -0.812128 -0.812128 0
2387 -0.812128 -0.812128 0
2388 -0.812128 -0.812128 0
2389 -0.812128 -0.812128 0
2390 -0.812128 -0.812128 0
2391 -0.812128 -0.812128 0
2392 -0.812128 -0.812128 0
2393 -0.812128 -0.812128 0
2394 -0.812128 -0.812128 0
2395 -0.812128 -0.812128 0
2396 -0.812128 -0.812128 0
2397 -0.812128 -0.812128 0
2398 -0.812128 -0.812128 0
2399 -0.812128 -0.812128 0
2400 -0.812128 -0.812128 0
2401 -0.812128 -0.812128 0
2402 -0.812128 -0.812128 0
2403 -0.812128 -0.812128 0
2404 -0.812128 -0.812128 0
2405 -0.812128 -0.812128 0
2406 -0.812128 -0.812128 0
2407 -0.812128 -0.812128 0
2408 -0.812128 -0.812128 0
2409 -0.812128 -0.812128 0
2410 -0.812128 -0.812128 0
2411 -0.812128 -0.812128 0
2412 -0.812128 -0.812128 0
2413 -0.812128 -0.812128 0
2414 -0.812128 -0.812128 0
2415 -0.812128 -0.812128 0
2416 -0.812128 -0.812128 0
2417 -0.812128 -0.812128 0
2418 -0.812128 -0.812128 0
2419 -0.812128 -0.812128 0
2420 -0.812128 -0.812128 0
2421 -0.812128 -0.812128 0
2422 -0.812128 -0.812128 0
2423 -0.812128 -0.812128 0
2424 -0.812128 -0.812128 0
2425 -0.812128 -0.812128 0
2426 -0.812128 -0.812128 0
2427 -0.812128 -0.812128 0
2428 -0.812128 -0.812128 0
2429 -0.812128 -0.812128 0
2430 -0.812128 -0.812128 0
2431 -0.812128 -0.812128 0
2432 -0.812127 -0.812127 6.55651e-07
2433 -0.812127 -0.812127 0
2434 -0.812127 -0.812127 0
2435 -0.812127 -0.812127 0
2436 -0.812127 -0.812127 0
2437 -0.812127 -0.812127 0
2438 -0.812127 -0.812127 0
2439 -0.812127 -0.812127 0
2440 -0.812127 -0.812127 0
2441 -0.812127 -0.812127 0
2442 -0.812127 -0.812127 0
2443 -0.812127 -0.812127 0
2444 -0.812127 -0.812127 0
2445 -0.812127 -0.812127 0
2446 -0.812127 -0.812127 0
2447 -0.812127 -0.812127 0
2448 -0.812127 -0.812127 0
2449 -0.812127 -0.812127 0
2450 -0.812127 -0.812127 0
2451 -0.812127 -0.812127 0
2452 -0.812127 -0.812127 0
2453 -0.812127 -0.812127 0
2454 -0.812127 -0.812127 0
2455 -0.812127 -0.812127 0
2456 -0.812127 -0.812127 0
2457 -0.812127 -0.812127 0
2458 -0.812127 -0.812127 0
2459 -0.812127 -0.812127 0
2460 -0.812127 -0.812127 0
2461 -0.812127 -0.812127 0
2462 -0.812127 -0.812127 0
2463 -0.812127 -0.812127 0
2464 -0.812127 -0.812127 0
2465 -0.812127 -0.812127 0
2466 -0.812127 -0.812127 0
2467 -0.812127 -0.812127 0
2468 -0.812127 -0.812127 0
2469 -0.812127 -0.812127 0
2470 -0.812127 -0.812127 0
2471 -0.812127 -0.812127 0
2472 -0.812127 -0.812127 0
2473 -0.812127 -0.812127 0
2474 -0.812127 -0.812127 0
2475 -0.812127 -0.812127 0
2476 -0.812127 -0.812127 0
2477 -0.812127 -0.812127 0
2478 -0.812127 -0.812127 0
2479 -0.812127 -0.812127 0
2480 -0.812127 -0.812127 0
2481 -0.812127 -0.812127 0
2482 -0.812127 -0.812127 0
2483 -0.812127 -0.812127 0
2484 -0.812127 -0.812127 0
2485 -0.812127 -0.812127 0
2486 -0.812127 -0.812127 0
2487 -0.812127 -0.812127 0
2488 -0.812127 -0.812127 0
2489 -0.812127 -0.812127 0
2490 -0.812127 -0.812127 0
2491 -0.812127 -0.812127 0
2492 -0.812127 -0.812127 0
2493 -0.812127 -0.812127 0
2494 -0.812127 -0.812127 0
2495 -0.812127 -0.812127 0
2496 -0.812127 -0.812127 0
2497 -0.812127 -0.812127 0
2498 -0.812127 -0.812127 0
2499 -0.812127 -0.812127 0
2500 -0.812127 -0.812127 0
2501 -0.812127 -0.812127 0
2502 -0.812127 -0.812127 0
2503 -0.812127 -0.812127 0
2504 -0.812127 -0.812127 0
2505 -0.812127 -0.812127 0
2506 -0.812127 -0.812127 0
2507 -0.812127 -0.812127 0
2508 -0.812127 -0.812127 0
2509 -0.812127 -0.812127 0
2510 -0.812127 -0.812127 0
2511 -0.812127 -0.812127 0
2512 -0.812127 -0.812127 0
2513 -0.812127 -0.812127 0
2514 -0.812127 -0.812127 0
2515 -0.812127 -0.812127 0
2516 -0.812127 -0.812127 0
2517 -0.812127 -0.812127 0
2518 -0.812127 -0.812127 0
2519 -0.812127 -0.812127 0
2520 -0.812127 -0.812127 0
2521 -0.812127 -0.812127 0
2522 -0.812127 -0.812127 0
2523 -0.812127 -0.812127 0
2524 -0.812127 -0.812127 0
2525 -0.812127 -0.812127 0
2526 -0.812127 -0.812127 0
2527 -0.812127 -0.812127 0
2528 -0.812127 -0.812127 0
2529 -0.812127 -0.812127 0
2530 -0.812127 -0.812127 0
2531 -0.812127 -0.812127 0
2532 -0.812127 -0.812127 0
2533 -0.812127 -0.812127 0
2534 -0.812127 -0.812127 0
2535 -0.812127 -0.812127 0
2536 -0.812127 -0.812127 0
2537 -0.812127 -0.812127 0
2538 -0.812127 -0.812127 0
2539 -0.812127 -0.812127 0
2540 -0.812127 -0.812127 0
2541 -0.812127 -0.812127 0
2542 -0.812127 -0.812127 0
2543 -0.812127 -0.812127 0
2544 -0.812127 -0.812127 0
2545 -0.812127 -0.812127 0
2546 -0.812127 -0.812127 0
2547 -0.812127 -0.812127 0
2548 -0.812127 -0.812127 0
2549 -0.812127 -0.812127 0
2550 -0.812127 -0.812127 0
2551 -0.812127 -0.812127 0
2552 -0.812127 -0.812127 0
2553 -0.812127 -0.812127 0
2554 -0.812127 -0.812127 0
2555 -0.812127 -0.812127 0
2556 -0.812127 -0.812127 0
2557 -0.812127 -0.812127 0
2558 -0.812127 -0.812127 0
2559 -0.812127 -0.812127 0
2560 -0.812127 -0.812127 0
2561 -0.812127 -0.812127 0
2562 -0.812127 -0.812127 0
2563 -0.812127 -0.812127 0
2564 -0.812023 -0.812075 5.19156e-05
2565 -0.812023 -0.812023 0
2566 -0.812023 -0.812023 0
2567 -0.812023 -0.812023 0
2568 -0.812023 -0.812023 0
2569 -0.811656 -0.81184 0.000183284
2570 -0.811656 -0.811656 0
2571 -0.811656 -0.811656 0
2572 -0.811656 -0.811656 0
2573 -0.811656 -0.811656 0
2574 -0.811656 -0.811656 0
2575 -0.811656 -0.811656 0
2576 -0.811656 -0.811656 0
2577 -0.811656 -0.811656 0
2578 -0.811656 -0.811656 0
2579 -0.811656 -0.811656 0
2580 -0.811656 -0.811656 1.49012e-07
2581 -0.811656 -0.811656 0
2582 -0.811656 -0.811656 0
2583 -0.811656 -0.811656 0
2584 -0.811656 -0.811656 0
2585 -0.811656 -0.811656 0
2586 -0.811656 -0.811656 0
2587 -0.811656 -0.811656 0
2588 -0.811656 -0.811656 0
2589 -0.811651 -0.811654 2.41399e-06
2590 -0.811651 -0.811651 0
2591 -0.811651 -0.811651 0
2592 -0.81165 -0.811651 3.57628e-07
2593 -0.81165 -0.81165 0
2594 -0.81165 -0.81165 0
2595 -0.81165 -0.81165 0
2596 -0.81165 -0.81165 0
2597 -0.81165 -0.81165 0
2598 -0.81165 -0.81165 0
2599 -0.81165 -0.81165 0
2600 -0.81165 -0.81165 0
2601 -0.81165 -0.81165 2.38419e-07
2602 -0.81165 -0.81165 0
2603 -0.81165 -0.81165 0
2604 -0.81165 -0.81165 0
2605 -0.81165 -0.81165 0
2606 -0.81165 -0.81165 0
2607 -0.81165 -0.81165 0
2608 -0.81165 -0.81165 0
2609 -0.81165 -0.81165 0
2610 -0.81165 -0.81165 0
2611 -0.81165 -0.81165 0
2612 -0.81165 -0.81165 0
2613 -0.81165 -0.81165 0
2614 -0.81165 -0.81165 0
2615 -0.81165 -0.81165 0
2616 -0.81165 -0.81165 0
2617 -0.811365 -0.811507 0.000142574
2618 -0.811365 -0.811365 0
2619 -0.811365 -0.811365 0
2620 -0.811365 -0.811365 0
2621 -0.811365 -0.811365 0
2622 -0.811365 -0.811365 0
2623 -0.811165 -0.811265 9.99272e-05
2624 -0.811165 -0.811165 0
2625 -0.811165 -0.811165 0
2626 -0.811074 -0.811119 4.56274e-05
2627 -0.811074 -0.811074 0
2628 -0.811074 -0.811074 0
2629 -0.811074 -0.811074 0
2630 -0.811074 -0.811074 0
2631 -0.811074 -0.811074 0
2632 -0.811074 -0.811074 0
2633 -0.811074 -0.811074 0
2634 -0.811074 -0.811074 0
2635 -0.811074 -0.811074 0
2636 -0.811074 -0.811074 0
2637 -0.811074 -0.811074 0
2638 -0.811074 -0.811074 0
2639 -0.811074 -0.811074 0
2640 -0.811074 -0.811074 0
2641 -0.811074 -0.811074 0
2642 -0.811074 -0.811074 0
2643 -0.811074 -0.811074 0
2644 -0.811074 -0.811074 0
2645 -0.811074 -0.811074 0
2646 -0.811074 -0.811074 0
2647 -0.811074 -0.811074 0
2648 -0.811074 -0.811074 0
2649 -0.811074 -0.811074 0
2650 -0.811074 -0.811074 0
2651 -0.811074 -0.811074 0
2652 -0.811074 -0.811074 0
2653 -0.811074 -0.811074 0
2654 -0.811074 -0.811074 0
2655 -0.811074 -0.811074 0
2656 -0.811074 -0.811074 0
2657 -0.811074 -0.811074 0
2658 -0.811074 -0.811074 0
2659 -0.811074 -0.811074 0
2660 -0.811074 -0.811074 0
2661 -0.811074 -0.811074 0
2662 -0.811074 -0.811074 0
2663 -0.811074 -0.811074 0
2664 -0.811074 -0.811074 0
2665 -0.811074 -0.811074 0
2666 -0.811074 -0.811074 0
2667 -0.811074 -0.811074 0
2668 -0.811074 -0.811074 0
2669 -0.811074 -0.811074 0
2670 -0.811074 -0.811074 0
2671 -0.811074 -0.811074 0
2672 -0.811074 -0.811074 0
2673 -0.811074 -0.811074 0
2674 -0.811074 -0.811074 0
2675 -0.811074 -0.811074 0
2676 -0.811074 -0.811074 0
2677 -0.811074 -0.811074 0
2678 -0.811074 -0.811074 0
2679 -0.811074 -0.811074 0
2680 -0.811074 -0.811074 0
2681 -0.811074 -0.811074 0
2682 -0.811074 -0.811074 0
2683 -0.811074 -0.811074 0
2684 -0.811074 -0.811074 0
2685 -0.811074 -0.811074 0
2686 -0.811074 -0.811074 0
2687 -0.811074 -0.811074 0
2688 -0.811074 -0.811074 0
2689 -0.811074 -0.811074 0
2690 -0.811074 -0.811074 0
2691 -0.811074 -0.811074 0
2692 -0.811074 -0.811074 0
2693 -0.811074 -0.811074 0
2694 -0.811074 -0.811074 0
2695 -0.811074 -0.811074 0
2696 -0.811074 -0.811074 0
2697 -0.811074 -0.811074 0
2698 -0.811074 -0.811074 0
2699 -0.811074 -0.811074 0
2700 -0.811074 -0.811074 0
2701 -0.811074 -0.811074 0
2702 -0.811074 -0.811074 0
2703 -0.811074 -0.811074 0
2704 -0.811074 -0.811074 0
2705 -0.811074 -0.811074 0
2706 -0.811074 -0.811074 0
2707 -0.811074 -0.811074 0
2708 -0.811074 -0.811074 0
2709 -0.811074 -0.811074 0
2710 -0.811074 -0.811074 0
2711 -0.811074 -0.811074 0
2712 -0.811074 -0.811074 0
2713 -0.811051 -0.811062 1.12653e-05
2714 -0.811051 -0.811051 0
2715 -0.811051 -0.811051 0
2716 -0.810998 -0.811025 2.64943e-05
2717 -0.810998 -0.810998 0
2718 -0.810998 -0.810998 0
2719 -0.810998 -0.810998 0
2720 -0.810998 -0.810998 0
2721 -0.810998 -0.810998 0
2722 -0.810998 -0.810998 0
2723 -0.810998 -0.810998 0
2724 -0.810998 -0.810998 0
2725 -0.810998 -0.810998 0
2726 -0.810998 -0.810998 2.08616e-07
2727 -0.810998 -0.810998 2.08616e-07
2728 -0.810998 -0.810998 0
2729 -0.810998 -0.810998 0
2730 -0.810998 -0.810998 0
2731 -0.810998 -0.810998 0
2732 -0.810998 -0.810998 0
2733 -0.810998 -0.810998 0
2734 -0.810998 -0.810998 5.96046e-08
2735 -0.810998 -0.810998 0
2736 -0.810998 -0.810998 0
2737 -0.810886 -0.810942 5.59688e-05
2738 -0.810886 -0.810886 0
2739 -0.810886 -0.810886 0
2740 -0.810886 -0.810886 0
2741 -0.810886 -0.810886 0
2742 -0.810886 -0.810886 0
2743 -0.810886 -0.810886 0
2744 -0.810886 -0.810886 0
2745 -0.810886 -0.810886 0
2746 -0.810886 -0.810886 0
2747 -0.810886 -0.810886 0
2748 -0.810886 -0.810886 0
2749 -0.810886 -0.810886 0
2750 -0.810886 -0.810886 0
2751 -0.810886 -0.810886 0
2752 -0.810886 -0.810886 0
2753 -0.810886 -0.810886 0
2754 -0.810886 -0.810886 0
2755 -0.810886 -0.810886 0
2756 -0.810886 -0.810886 0
2757 -0.810886 -0.810886 0
2758 -0.810886 -0.810886 0
2759 -0.810886 -0.810886 0
2760 -0.810886 -0.810886 0
2761 -0.810886 -0.810886 0
2762 -0.810886 -0.810886 0
2763 -0.810886 -0.810886 0
2764 -0.810886 -0.810886 0
2765 -0.810886 -0.810886 0
2766 -0.810886 -0.810886 0
2767 -0.810886 -0.810886 0
2768 -0.810886 -0.810886 0
2769 -0.810886 -0.810886 0
2770 -0.810886 -0.810886 0
2771 -0.810886 -0.810886 0
2772 -0.810886 -0.810886 0
2773 -0.810886 -0.810886 0
2774 -0.810886 -0.810886 0
2775 -0.810886 -0.810886 0
2776 -0.810886 -0.810886 0
2777 -0.810886 -0.810886 0
2778 -0.810886 -0.810886 0
2779 -0.810886 -0.810886 0
2780 -0.810886 -0.810886 0
2781 -0.810886 -0.810886 0
2782 -0.810886 -0.810886 0
2783 -0.810886 -0.810886 0
2784 -0.810886 -0.810886 0
2785 -0.810886 -0.810886 0
2786 -0.810886 -0.810886 0
2787 -0.810886 -0.810886 0
2788 -0.810886 -0.810886 0
2789 -0.810886 -0.810886 0
2790 -0.810886 -0.810886 0
2791 -0.810886 -0.810886 0
2792 -0.810886 -0.810886 0
2793 -0.810886 -0.810886 0
2794 -0.810886 -0.810886 0
2795 -0.810886 -0.810886 0
2796 -0.810886 -0.810886 0
2797 -0.810886 -0.810886 0
2798 -0.810886 -0.810886 0
2799 -0.810886 -0.810886 0
2800 -0.810886 -0.810886 0
2801 -0.810886 -0.810886 0
2802 -0.810886 -0.810886 0
2803 -0.810886 -0.810886 0
2804 -0.810886 -0.810886 0
2805 -0.810886 -0.810886 0
2806 -0.810886 -0.810886 0
2807 -0.810886 -0.810886 0
2808 -0.810886 -0.810886 0
2809 -0.810886 -0.810886 0
2810 -0.810886 -0.810886 0
2811 -0.810886 -0.810886 0
2812 -0.810886 -0.810886 0
2813 -0.810886 -0.810886 0
2814 -0.810886 -0.810886 0
2815 -0.810886 -0.810886 0
2816 -0.810886 -0.810886 0
2817 -0.810886 -0.810886 0
2818 -0.810886 -0.810886 0
2819 -0.810886 -0.810886 0
2820 -0.810886 -0.810886 0
2821 -0.810886 -0.810886 0
2822 -0.810886 -0.810886 0
2823 -0.810886 -0.810886 0
2824 -0.810886 -0.810886 0
2825 -0.810886 -0.810886 0
2826 -0.810886 -0.810886 0
2827 -0.810886 -0.810886 0
2828 -0.810886 -0.810886 0
2829 -0.810886 -0.810886 0
2830 -0.810886 -0.810886 0
2831 -0.810886 -0.810886 0
2832 -0.810886 -0.810886 0
2833 -0.810886 -0.810886 0
2834 -0.810886 -0.810886 0
2835 -0.810886 -0.810886 0
2836 -0.810886 -0.810886 0
2837 -0.810886 -0.810886 0
2838 -0.810886 -0.810886 0
2839 -0.810886 -0.810886 0
2840 -0.810886 -0.810886 0
2841 -0.810886 -0.810886 0
2842 -0.810886 -0.810886 0
2843 -0.810886 -0.810886 0
2844 -0.810886 -0.810886 0
2845 -0.810886 -0.810886 0
2846 -0.810886 -0.810886 0
2847 -0.810886 -0.810886 0
2848 -0.810886 -0.810886 0
2849 -0.810886 -0.810886 0
2850 -0.810886 -0.810886 0
2851 -0.810886 -0.810886 0
2852 -0.810886 -0.810886 0
2853 -0.810886 -0.810886 0
2854 -0.810886 -0.810886 0
2855 -0.810886 -0.810886 0
2856 -0.810886 -0.810886 0
2857 -0.810886 -0.810886 0
2858 -0.810886 -0.810886 0
2859 -0.810886 -0.810886 0
2860 -0.810886 -0.810886 0
2861 -0.810886 -0.810886 0
2862 -0.810886 -0.810886 0
2863 -0.810886 -0.810886 0
2864 -0.810886 -0.810886 0
2865 -0.810886 -0.810886 0
2866 -0.810886 -0.810886 0
2867 -0.810886 -0.810886 0
2868 -0.810886 -0.810886 0
2869 -0.810886 -0.810886 0
2870 -0.810886 -0.810886 0
2871 -0.810886 -0.810886 0
2872 -0.810886 -0.810886 0
2873 -0.810886 -0.810886 0
2874 -0.810886 -0.810886 0
2875 -0.810886 -0.810886 0
2876 -0.810886 -0.810886 0
2877 -0.810886 -0.810886 0
2878 -0.810886 -0.810886 0
2879 -0.810886 -0.810886 0
2880 -0.810886 -0.810886 0
2881 -0.810886 -0.810886 0
2882 -0.810885 -0.810886 1.49012e-07
2883 -0.810885 -0.810885 0
2884 -0.810885 -0.810885 0
2885 -0.810885 -0.810885 0
2886 -0.810885 -0.810885 0
2887 -0.810871 -0.810878 7.27177e-06
2888 -0.810871 -0.810871 0
2889 -0.810871 -0.810871 0
2890 -0.810871 -0.810871 0
2891 -0.810871 -0.810871 0
2892 -0.810871 -0.810871 0
2893 -0.810871 -0.810871 0
2894 -0.810871 -0.810871 0
2895 -0.810871 -0.810871 0
2896 -0.810871 -0.810871 0
2897 -0.810871 -0.810871 0
2898 -0.810871 -0.810871 0
2899 -0.810871 -0.810871 0
2900 -0.810871 -0.810871 0
2901 -0.810871 -0.810871 0
2902 -0.810871 -0.810871 0
2903 -0.810871 -0.810871 0
2904 -0.810871 -0.810871 0
2905 -0.810871 -0.810871 0
2906 -0.799877 -0.805373 0.00549638
2907 -0.797301 -0.798589 0.00128788
2908 -0.797301 -0.797301 0
2909 -0.786692 -0.791997 0.00530449
2910 -0.758634 -0.772655 0.0140213
2911 -0.755751 -0.757192 0.00144124
2912 -0.755751 -0.755751 0
2913 -0.755751 -0.755751 0
2914 -0.755751 -0.755751 0
2915 -0.755751 -0.755751 0
2916 -0.75575 -0.755751 4.47035e-07
2917 -0.75575 -0.75575 0
2918 -0.75575 -0.75575 0
2919 -0.75575 -0.75575 0
2920 -0.75575 -0.75575 0
2921 -0.75575 -0.75575 0
2922 -0.75575 -0.75575 0
2923 -0.743518 -0.749634 0.00611609
2924 -0.743518 -0.743518 0
2925 -0.743348 -0.743433 8.48174e-05
2926 -0.743348 -0.743348 0
2927 -0.743348 -0.743348 0
2928 -0.743348 -0.743348 0
2929 -0.743348 -0.743348 0
2930 -0.743348 -0.743348 0
2931 -0.743348 -0.743348 0
2932 -0.743348 -0.743348 0
2933 -0.743348 -0.743348 0
2934 -0.743348 -0.743348 0
2935 -0.743348 -0.743348 0
2936 -0.743348 -0.743348 0
2937 -0.743348 -0.743348 0
2938 -0.743348 -0.743348 0
2939 -0.743348 -0.743348 0
2940 -0.743348 -0.743348 0
2941 -0.743348 -0.743348 0
2942 -0.743205 -0.743277 7.16746e-05
2943 -0.743205 -0.743205 0
2944 -0.743205 -0.743205 0
2945 -0.743205 -0.743205 0
2946 -0.743205 -0.743205 0
2947 -0.743205 -0.743205 0
2948 -0.743205 -0.743205 0
2949 -0.743205 -0.743205 0
2950 -0.743205 -0.743205 0
2951 -0.743205 -0.743205 0
2952 -0.743205 -0.743205 0
2953 -0.743205 -0.743205 0
2954 -0.743205 -0.743205 0
2955 -0.743205 -0.743205 0
2956 -0.7429 -0.743053 0.000152349
2957 -0.7429 -0.7429 0
2958 -0.7429 -0.7429 0
2959 -0.7429 -0.7429 0
2960 -0.7429 -0.7429 0
2961 -0.7429 -0.7429 0
2962 -0.7429 -0.7429 0
2963 -0.7429 -0.7429 0
2964 -0.7429 -0.7429 0
2965 -0.7429 -0.7429 0
2966 -0.7429 -0.7429 0
2967 -0.7429 -0.7429 0
2968 -0.7429 -0.7429 0
2969 -0.7429 -0.7429 0
2970 -0.7429 -0.7429 0
2971 -0.7429 -0.7429 0
2972 -0.7429 -0.7429 0
2973 -0.7429 -0.7429 0
2974 -0.7429 -0.7429 0
2975 -0.7429 -0.7429 0
2976 -0.7429 -0.7429 0
2977 -0.7429 -0.7429 0
2978 -0.7429 -0.7429 0
2979 -0.7429 -0.7429 0
2980 -0.7429 -0.7429 0
2981 -0.7429 -0.7429 0
2982 -0.7429 -0.7429 0
2983 -0.7429 -0.7429 0
2984 -0.7429 -0.7429 0
2985 -0.7429 -0.7429 0
2986 -0.7429 -0.7429 0
2987 -0.7429 -0.7429 0
2988 -0.7429 -0.7429 0
2989 -0.7429 -0.7429 0
2990 -0.7429 -0.7429 0
2991 -0.7429 -0.7429 0
2992 -0.7429 -0.7429 0
2993 -0.7429 -0.7429 0
2994 -0.7429 -0.7429 0
2995 -0.7429 -0.7429 0
2996 -0.7429 -0.7429 0
2997 -0.7429 -0.7429 0
2998 -0.7429 -0.7429 0
2999 -0.7429 -0.7429 0
3000 -0.742539 -0.742719 0.000180215
3001 -0.742539 -0.742539 0
3002 -0.742539 -0.742539 0
3003 -0.742539 -0.742539 0
3004 -0.742539 -0.742539 0
3005 -0.742539 -0.742539 0
3006 -0.742539 -0.742539 0
3007 -0.742539 -0.742539 0
3008 -0.742539 -0.742539 0
3009 -0.742539 -0.742539 0
3010 -0.742539 -0.742539 0
3011 -0.742539 -0.742539 0
3012 -0.742539 -0.742539 0
3013 -0.742539 -0.742539 0
3014 -0.742539 -0.742539 0
3015 -0.742539 -0.742539 0
3016 -0.742539 -0.742539 0
3017 -0.742539 -0.742539 0
3018 -0.742539 -0.742539 0
3019 -0.742539 -0.742539 0
3020 -0.742539 -0.742539 0
3021 -0.742539 -0.742539 0
3022 -0.742539 -0.742539 0
3023 -0.742539 -0.742539 0
3024 -0.742539 -0.742539 0
3025 -0.742539 -0.742539 0
3026 -0.742539 -0.742539 0
3027 -0.742539 -0.742539 0
3028 -0.742539 -0.742539 0
3029 -0.742539 -0.742539 0
3030 -0.742506 -0.742522 1.67787e-05
3031 -0.742506 -0.742506 0
3032 -0.742506 -0.742506 0
3033 -0.742506 -0.742506 0
3034 -0.742506 -0.742506 0
3035 -0.742506 -0.742506 0
3036 -0.742506 -0.742506 0
3037 -0.742506 -0.742506 0
3038 -0.742144 -0.742325 0.000181079
3039 -0.742144 -0.742144 0
3040 -0.742144 -0.742144 0
3041 -0.742144 -0.742144 0
3042 -0.742122 -0.742133 1.05202e-05
3043 -0.742122 -0.742122 0
3044 -0.742122 -0.742122 0
3045 -0.742122 -0.742122 0
3046 -0.742122 -0.742122 0
3047 -0.742122 -0.742122 0
3048 -0.742122 -0.742122 0
3049 -0.742122 -0.742122 0
3050 -0.742122 -0.742122 0
3051 -0.742088 -0.742105 1.73151e-05
3052 -0.742088 -0.742088 0
3053 -0.742088 -0.742088 0
3054 -0.742088 -0.742088 0
3055 -0.742088 -0.742088 0
3056 -0.742088 -0.742088 0
3057 -0.742088 -0.742088 0
3058 -0.742088 -0.742088 0
3059 -0.742081 -0.742084 3.51667e-06
3060 -0.742081 -0.742081 0
3061 -0.742081 -0.742081 0
3062 -0.742081 -0.742081 0
3063 -0.742081 -0.742081 0
3064 -0.742081 -0.742081 0
3065 -0.742081 -0.742081 0
3066 -0.742081 -0.742081 0
3067 -0.742081 -0.742081 0
3068 -0.742081 -0.742081 0
3069 -0.742081 -0.742081 0
3070 -0.742081 -0.742081 0
3071 -0.742081 -0.742081 0
3072 -0.742081 -0.742081 0
3073 -0.742081 -0.742081 0
3074 -0.742081 -0.742081 0
3075 -0.742081 -0.742081 0
3076 -0.742081 -0.742081 0
3077 -0.742081 -0.742081 0
3078 -0.742081 -0.742081 0
3079 -0.742081 -0.742081 0
3080 -0.742081 -0.742081 0
3081 -0.742081 -0.742081 0
3082 -0.742081 -0.742081 0
3083 -0.742081 -0.742081 0
3084 -0.742081 -0.742081 0
3085 -0.742081 -0.742081 0
3086 -0.742081 -0.742081 0
3087 -0.742081 -0.742081 0
3088 -0.742081 -0.742081 0
3089 -0.741965 -0.742023 5.78463e-05
3090 -0.741965 -0.741965 0
3091 -0.741935 -0.74195 1.51992e-05
3092 -0.741935 -0.741935 0
3093 -0.741935 -0.741935 0
3094 -0.741935 -0.741935 0
3095 -0.741935 -0.741935 0
3096 -0.741935 -0.741935 0
3097 -0.741935 -0.741935 0
3098 -0.741935 -0.741935 0
3099 -0.741935 -0.741935 0
3100 -0.741935 -0.741935 0
3101 -0.741935 -0.741935 0
3102 -0.741935 -0.741935 0
3103 -0.741935 -0.741935 0
3104 -0.741935 -0.741935 0
3105 -0.741934 -0.741934 5.96046e-07
3106 -0.741934 -0.741934 0
3107 -0.741934 -0.741934 0
3108 -0.741934 -0.741934 0
3109 -0.741934 -0.741934 0
3110 -0.741934 -0.741934 0
3111 -0.741934 -0.741934 0
3112 -0.741934 -0.741934 0
3113 -0.741692 -0.741813 0.000120699
3114 -0.741692 -0.741692 0
3115 -0.741692 -0.741692 0
3116 -0.734134 -0.737913 0.00377917
3117 -0.734134 -0.734134 0
3118 -0.734134 -0.734134 0
3119 -0.734134 -0.734134 0
3120 -0.734134 -0.734134 0
3121 -0.734134 -0.734134 0
3122 -0.734134 -0.734134 0
3123 -0.734134 -0.734134 0
3124 -0.734134 -0.734134 0
3125 -0.734134 -0.734134 0
3126 -0.734134 -0.734134 0
3127 -0.734134 -0.734134 0
3128 -0.734134 -0.734134 0
3129 -0.734134 -0.734134 0
3130 -0.734134 -0.734134 0
3131 -0.734134 -0.734134 0
3132 -0.734134 -0.734134 0
3133 -0.734134 -0.734134 1.19209e-07
3134 -0.734134 -0.734134 0
3135 -0.734114 -0.734124 9.56655e-06
3136 -0.734114 -0.734114 0
3137 -0.734114 -0.734114 0
3138 -0.734114 -0.734114 0
3139 -0.734114 -0.734114 0
3140 -0.734086 -0.7341 1.44541e-05
3141 -0.734086 -0.734086 0
3142 -0.734086 -0.734086 0
3143 -0.734086 -0.734086 0
3144 -0.734086 -0.734086 0
3145 -0.734086 -0.734086 0
3146 -0.734086 -0.734086 0
3147 -0.734086 -0.734086 0
3148 -0.734086 -0.734086 0
3149 -0.734086 -0.734086 0
3150 -0.734086 -0.734086 0
3151 -0.734086 -0.734086 0
3152 -0.734086 -0.734086 0
3153 -0.734086 -0.734086 0
3154 -0.734086 -0.734086 0
3155 -0.734086 -0.734086 0
3156 -0.734086 -0.734086 0
3157 -0.734086 -0.734086 0
3158 -0.734086 -0.734086 0
3159 -0.734086 -0.734086 0
3160 -0.734086 -0.734086 0
3161 -0.734072 -0.734079 6.97374e-06
3162 -0.734072 -0.734072 0
3163 -0.734072 -0.734072 0
3164 -0.734072 -0.734072 0
3165 -0.734072 -0.734072 0
3166 -0.734072 -0.734072 0
3167 -0.734072 -0.734072 0
3168 -0.734072 -0.734072 0
3169 -0.734072 -0.734072 0
3170 -0.734072 -0.734072 0
3171 -0.734072 -0.734072 0
3172 -0.734072 -0.734072 0
3173 -0.734072 -0.734072 0
3174 -0.734072 -0.734072 0
3175 -0.734072 -0.734072 0
3176 -0.733682 -0.733877 0.000194788
3177 -0.733682 -0.733682 0
3178 -0.733682 -0.733682 0
3179 -0.733682 -0.733682 0
3180 -0.733681 -0.733681 5.96046e-07
3181 -0.733681 -0.733681 0
3182 -0.733681 -0.733681 0
3183 -0.733681 -0.733681 0
3184 -0.733681 -0.733681 0
3185 -0.733681 -0.733681 0
3186 -0.733681 -0.733681 0
3187 -0.733681 -0.733681 0
3188 -0.733681 -0.733681 0
3189 -0.733681 -0.733681 0
3190 -0.733681 -0.733681 0
3191 -0.733681 -0.733681 0
3192 -0.733659 -0.73367 1.08778e-05
3193 -0.733659 -0.733659 0
3194 -0.733659 -0.733659 0
3195 -0.733659 -0.733659 5.96046e-08
3196 -0.733659 -0.733659 0
3197 -0.733659 -0.733659 0
3198 -0.733659 -0.733659 0
3199 -0.733659 -0.733659 0
3200 -0.733659 -0.733659 0
3201 -0.733659 -0.733659 0
3202 -0.733659 -0.733659 0
3203 -0.733426 -0.733542 0.000116557
3204 -0.733426 -0.733426 0
3205 -0.733426 -0.733426 0
3206 -0.733426 -0.733426 0
3207 -0.733426 -0.733426 0
3208 -0.733426 -0.733426 0
3209 -0.733426 -0.733426 0
3210 -0.733426 -0.733426 0
3211 -0.733426 -0.733426 0
3212 -0.733426 -0.733426 0
3213 -0.733426 -0.733426 0
3214 -0.733426 -0.733426 0
3215 -0.733426 -0.733426 0
3216 -0.733426 -0.733426 0
3217 -0.733426 -0.733426 0
3218 -0.733426 -0.733426 0
3219 -0.733426 -0.733426 0
3220 -0.733426 -0.733426 0
3221 -0.733426 -0.733426 0
3222 -0.733426 -0.733426 0
3223 -0.733426 -0.733426 0
3224 -0.733426 -0.733426 0
3225 -0.733426 -0.733426 0
3226 -0.733426 -0.733426 0
3227 -0.733426 -0.733426 0
3228 -0.733426 -0.733426 0
3229 -0.733426 -0.733426 0
3230 -0.733426 -0.733426 0
3231 -0.733426 -0.733426 0
3232 -0.733426 -0.733426 0
3233 -0.733426 -0.733426 0
3234 -0.733426 -0.733426 0
3235 -0.733426 -0.733426 0
3236 -0.733426 -0.733426 0
3237 -0.733426 -0.733426 0
3238 -0.733426 -0.733426 0
3239 -0.733426 -0.733426 0
3240 -0.733426 -0.733426 0
3241 -0.733426 -0.733426 0
3242 -0.733426 -0.733426 0
3243 -0.733426 -0.733426 0
3244 -0.733426 -0.733426 0
3245 -0.733426 -0.733426 0
3246 -0.733426 -0.733426 0
3247 -0.733426 -0.733426 0
3248 -0.733426 -0.733426 0
3249 -0.733268 -0.733347 7.89762e-05
3250 -0.733268 -0.733268 0
3251 -0.733268 -0.733268 0
3252 -0.733268 -0.733268 0
3253 -0.733268 -0.733268 0
3254 -0.733268 -0.733268 0
3255 -0.733268 -0.733268 0
3256 -0.733268 -0.733268 0
3257 -0.733268 -0.733268 0
3258 -0.733268 -0.733268 0
3259 -0.733268 -0.733268 0
3260 -0.733268 -0.733268 0
3261 -0.733258 -0.733263 4.73857e-06
3262 -0.733258 -0.733258 0
3263 -0.733258 -0.733258 0
3264 -0.733258 -0.733258 0
3265 -0.733258 -0.733258 0
3266 -0.733258 -0.733258 0
3267 -0.733244 -0.733251 7.09295e-06
3268 -0.733244 -0.733244 0
3269 -0.733244 -0.733244 0
3270 -0.733244 -0.733244 0
3271 -0.733244 -0.733244 0
3272 -0.733244 -0.733244 0
3273 -0.733244 -0.733244 0
3274 -0.733244 -0.733244 0
3275 -0.733244 -0.733244 0
3276 -0.733244 -0.733244 0
3277 -0.733244 -0.733244 0
3278 -0.733244 -0.733244 0
3279 -0.733244 -0.733244 0
3280 -0.733244 -0.733244 0
3281 -0.733244 -0.733244 0
3282 -0.733244 -0.733244 0
3283 -0.733244 -0.733244 0
3284 -0.733244 -0.733244 0
3285 -0.733244 -0.733244 0
3286 -0.733244 -0.733244 0
3287 -0.733244 -0.733244 0
3288 -0.733244 -0.733244 0
3289 -0.733244 -0.733244 0
3290 -0.733244 -0.733244 8.9407e-08
3291 -0.733244 -0.733244 8.9407e-08
3292 -0.733244 -0.733244 0
3293 -0.733244 -0.733244 0
3294 -0.733244 -0.733244 0
3295 -0.733244 -0.733244 0
3296 -0.732956 -0.7331 0.000144154
3297 -0.732956 -0.732956 0
3298 -0.732956 -0.732956 0
3299 -0.732956 -0.732956 0
3300 -0.732956 -0.732956 0
3301 -0.732956 -0.732956 0
3302 -0.732956 -0.732956 0
3303 -0.732956 -0.732956 0
3304 -0.732956 -0.732956 0
3305 -0.732956 -0.732956 0
3306 -0.732956 -0.732956 0
3307 -0.732956 -0.732956 0
3308 -0.732956 -0.732956 0
3309 -0.732956 -0.732956 0
3310 -0.732956 -0.732956 0
3311 -0.732956 -0.732956 0
3312 -0.732956 -0.732956 0
3313 -0.732956 -0.732956 0
3314 -0.732956 -0.732956 0
3315 -0.732956 -0.732956 0
3316 -0.732956 -0.732956 0
3317 -0.732956 -0.732956 0
3318 -0.732956 -0.732956 0
3319 -0.732956 -0.732956 0
3320 -0.732956 -0.732956 0
3321 -0.73281 -0.732883 7.28071e-05
3322 -0.73281 -0.73281 0
3323 -0.73281 -0.73281 0
3324 -0.73281 -0.73281 0
3325 -0.73281 -0.73281 0
3326 -0.73281 -0.73281 0
3327 -0.73281 -0.73281 0
3328 -0.73281 -0.73281 0
3329 -0.73281 -0.73281 0
3330 -0.73281 -0.73281 0
3331 -0.73281 -0.73281 0
3332 -0.73281 -0.73281 0
3333 -0.73281 -0.73281 0
3334 -0.73281 -0.73281 0
3335 -0.73281 -0.73281 0
3336 -0.73281 -0.73281 0
3337 -0.73281 -0.73281 0
3338 -0.73281 -0.73281 0
3339 -0.73281 -0.73281 0
3340 -0.73281 -0.73281 0
3341 -0.73281 -0.73281 0
3342 -0.73281 -0.73281 0
3343 -0.73281 -0.73281 0
3344 -0.73281 -0.73281 0
3345 -0.73281 -0.73281 0
3346 -0.73281 -0.73281 0
3347 -0.73281 -0.73281 0
3348 -0.73281 -0.73281 0
3349 -0.73281 -0.73281 0
3350 -0.73281 -0.73281 0
3351 -0.73281 -0.73281 0
3352 -0.73281 -0.73281 0
3353 -0.73281 -0.73281 0
3354 -0.73281 -0.73281 0
3355 -0.73281 -0.73281 0
3356 -0.73281 -0.73281 0
3357 -0.73281 -0.73281 0
3358 -0.73281 -0.73281 0
3359 -0.73281 -0.73281 0
3360 -0.73281 -0.73281 0
3361 -0.73281 -0.73281 0
3362 -0.73281 -0.73281 0
3363 -0.73281 -0.73281 0
3364 -0.73281 -0.73281 0
3365 -0.73281 -0.73281 0
3366 -0.73281 -0.73281 0
3367 -0.73281 -0.73281 0
3368 -0.73281 -0.73281 0
3369 -0.73281 -0.73281 0
3370 -0.73281 -0.73281 0
3371 -0.73281 -0.73281 0
3372 -0.73281 -0.73281 0
3373 -0.73281 -0.73281 0
3374 -0.73281 -0.73281 0
3375 -0.73281 -0.73281 0
3376 -0.73281 -0.73281 0
3377 -0.73281 -0.73281 0
3378 -0.73281 -0.73281 0
3379 -0.73281 -0.73281 0
3380 -0.73281 -0.73281 0
3381 -0.73281 -0.73281 0
3382 -0.73281 -0.73281 0
3383 -0.73281 -0.73281 0
3384 -0.73281 -0.73281 0
3385 -0.73281 -0.73281 0
3386 -0.73281 -0.73281 0
3387 -0.73281 -0.73281 0
3388 -0.73281 -0.73281 0
3389 -0.73281 -0.73281 0
3390 -0.73281 -0.73281 0
3391 -0.73281 -0.73281 0
3392 -0.73281 -0.73281 0
3393 -0.732808 -0.732809 1.04308e-06
3394 -0.732808 -0.732808 0
3395 -0.732808 -0.732808 0
3396 -0.732808 -0.732808 0
3397 -0.732808 -0.732808 0
3398 -0.732808 -0.732808 0
3399 -0.732808 -0.732808 0
3400 -0.732808 -0.732808 0
3401 -0.732808 -0.732808 0
3402 -0.732808 -0.732808 0
3403 -0.732808 -0.732808 0
3404 -0.732808 -0.732808 0
3405 -0.732808 -0.732808 0
3406 -0.732808 -0.732808 0
3407 -0.732808 -0.732808 0
3408 -0.732808 -0.732808 0
3409 -0.732808 -0.732808 0
3410 -0.732808 -0.732808 0
3411 -0.732808 -0.732808 0
3412 -0.732808 -0.732808 0
3413 -0.732808 -0.732808 0
3414 -0.732808 -0.732808 0
3415 -0.732808 -0.732808 0
3416 -0.732808 -0.732808 0
3417 -0.732808 -0.732808 0
3418 -0.732808 -0.732808 0
3419 -0.732808 -0.732808 0
3420 -0.732808 -0.732808 0
3421 -0.732808 -0.732808 0
3422 -0.732808 -0.732808 0
3423 -0.732808 -0.732808 0
3424 -0.732808 -0.732808 0
